Identifier: HeliC1
Segment: 1
Surface: w1
38.971191 38.971191 38.968476 38.968476
-77.179260 -77.179260 -77.179740 -77.179740
0.000000 1300.000000 1300.000000 0.000000

Surface: w2
38.967615 38.967615 38.965052 38.965052
-77.145882 -77.145882 -77.147784 -77.147784
0.000000 1300.000000 1300.000000 0.000000

Surface: s1
38.967615 38.967615 38.971191 38.971191
-77.145882 -77.145882 -77.179260 -77.179260
0.000000 1300.000000 1300.000000 0.000000

Surface: s2
38.968476 38.968476 38.965052 38.965052
-77.179740 -77.179740 -77.147784 -77.147784
0.000000 1300.000000 1300.000000 0.000000

Surface: u
38.971191 38.967615 38.965052 38.968476
-77.179260 -77.145882 -77.147784 -77.179740
1300.000000 1300.000000 1300.000000 1300.000000

Surface: l
38.967615 38.971191 38.968476 38.965052
-77.145882 -77.179260 -77.179740 -77.147784
0.000000 0.000000 0.000000 0.000000

Segment: 2
Surface: w1
38.967615 38.967615 38.965052 38.965052
-77.145882 -77.145882 -77.147784 -77.147784
0.000000 1300.000000 1300.000000 0.000000

Surface: w2
38.949040 38.949040 38.947627 38.947627
-77.127307 -77.127307 -77.130359 -77.130359
0.000000 1300.000000 1300.000000 0.000000

Surface: s1
38.949040 38.949040 38.967615 38.967615
-77.127307 -77.127307 -77.145882 -77.145882
0.000000 1300.000000 1300.000000 0.000000

Surface: s2
38.965052 38.965052 38.947627 38.947627
-77.147784 -77.147784 -77.130359 -77.130359
0.000000 1300.000000 1300.000000 0.000000

Surface: u
38.967615 38.949040 38.947627 38.965052
-77.145882 -77.127307 -77.130359 -77.147784
1300.000000 1300.000000 1300.000000 1300.000000

Surface: l
38.949040 38.967615 38.965052 38.947627
-77.127307 -77.145882 -77.147784 -77.130359
0.000000 0.000000 0.000000 0.000000

Segment: 3
Surface: w1
38.949040 38.949040 38.947627 38.947627
-77.127307 -77.127307 -77.130359 -77.130359
0.000000 1300.000000 1300.000000 0.000000

Surface: w2
38.939813 38.939813 38.938520 38.938520
-77.122107 -77.122107 -77.125226 -77.125226
0.000000 1300.000000 1300.000000 0.000000

Surface: s1
38.939813 38.939813 38.949040 38.949040
-77.122107 -77.122107 -77.127307 -77.127307
0.000000 1300.000000 1300.000000 0.000000

Surface: s2
38.947627 38.947627 38.938520 38.938520
-77.130359 -77.130359 -77.125226 -77.125226
0.000000 1300.000000 1300.000000 0.000000

Surface: u
38.949040 38.939813 38.938520 38.947627
-77.127307 -77.122107 -77.125226 -77.130359
1300.000000 1300.000000 1300.000000 1300.000000

Surface: l
38.939813 38.949040 38.947627 38.938520
-77.122107 -77.127307 -77.130359 -77.125226
0.000000 0.000000 0.000000 0.000000

Segment: 4
Surface: w1
38.939813 38.939813 38.938520 38.938520
-77.122107 -77.122107 -77.125226 -77.125226
0.000000 1300.000000 1300.000000 0.000000

Surface: w2
38.929922 38.929922 38.928412 38.928412
-77.114029 -77.114029 -77.116971 -77.116971
0.000000 1300.000000 1300.000000 0.000000

Surface: s1
38.929922 38.929922 38.939813 38.939813
-77.114029 -77.114029 -77.122107 -77.122107
0.000000 1300.000000 1300.000000 0.000000

Surface: s2
38.938520 38.938520 38.928412 38.928412
-77.125226 -77.125226 -77.116971 -77.116971
0.000000 1300.000000 1300.000000 0.000000

Surface: u
38.939813 38.929922 38.928412 38.938520
-77.122107 -77.114029 -77.116971 -77.125226
1300.000000 1300.000000 1300.000000 1300.000000

Surface: l
38.929922 38.939813 38.938520 38.928412
-77.114029 -77.122107 -77.125226 -77.116971
0.000000 0.000000 0.000000 0.000000

Segment: 5
Surface: w1
38.929922 38.929922 38.928412 38.928412
-77.114029 -77.114029 -77.116971 -77.116971
0.000000 700.000000 700.000000 0.000000

Surface: w2
38.909495 38.909495 38.907172 38.907172
-77.096054 -77.096054 -77.098279 -77.098279
0.000000 700.000000 700.000000 0.000000

Surface: s1
38.909495 38.909495 38.929922 38.929922
-77.096054 -77.096054 -77.114029 -77.114029
0.000000 700.000000 700.000000 0.000000

Surface: s2
38.928412 38.928412 38.907172 38.907172
-77.116971 -77.116971 -77.098279 -77.098279
0.000000 700.000000 700.000000 0.000000

Surface: u
38.929922 38.909495 38.907172 38.928412
-77.114029 -77.096054 -77.098279 -77.116971
700.000000 700.000000 700.000000 700.000000

Surface: l
38.909495 38.929922 38.928412 38.907172
-77.096054 -77.114029 -77.116971 -77.098279
0.000000 0.000000 0.000000 0.000000

Segment: 6
Surface: w1
38.909495 38.909495 38.907172 38.907172
-77.096054 -77.096054 -77.098279 -77.098279
0.000000 700.000000 700.000000 0.000000

Surface: w2
38.902638 38.902638 38.900028 38.900028
-77.068628 -77.068628 -77.069705 -77.069705
0.000000 700.000000 700.000000 0.000000

Surface: s1
38.902638 38.902638 38.909495 38.909495
-77.068628 -77.068628 -77.096054 -77.096054
0.000000 700.000000 700.000000 0.000000

Surface: s2
38.907172 38.907172 38.900028 38.900028
-77.098279 -77.098279 -77.069705 -77.069705
0.000000 700.000000 700.000000 0.000000

Surface: u
38.909495 38.902638 38.900028 38.907172
-77.096054 -77.068628 -77.069705 -77.098279
700.000000 700.000000 700.000000 700.000000

Surface: l
38.902638 38.909495 38.907172 38.900028
-77.068628 -77.096054 -77.098279 -77.069705
0.000000 0.000000 0.000000 0.000000

Segment: 7
Surface: w1
38.902638 38.902638 38.900028 38.900028
-77.068628 -77.068628 -77.069705 -77.069705
0.000000 300.000000 300.000000 0.000000

Surface: w2
38.899929 38.899929 38.897737 38.897737
-77.057792 -77.057792 -77.060541 -77.060541
0.000000 300.000000 300.000000 0.000000

Surface: s1
38.899929 38.899929 38.902638 38.902638
-77.057792 -77.057792 -77.068628 -77.068628
0.000000 300.000000 300.000000 0.000000

Surface: s2
38.900028 38.900028 38.897737 38.897737
-77.069705 -77.069705 -77.060541 -77.060541
0.000000 300.000000 300.000000 0.000000

Surface: u
38.902638 38.899929 38.897737 38.900028
-77.068628 -77.057792 -77.060541 -77.069705
300.000000 300.000000 300.000000 300.000000

Surface: l
38.899929 38.902638 38.900028 38.897737
-77.057792 -77.068628 -77.069705 -77.060541
0.000000 0.000000 0.000000 0.000000

Segment: 8
Surface: w1
38.899929 38.899929 38.897737 38.897737
-77.057792 -77.057792 -77.060541 -77.060541
0.000000 300.000000 300.000000 0.000000

Surface: w2
38.887238 38.887238 38.885095 38.885095
-77.052115 -77.052115 -77.054885 -77.054885
0.000000 300.000000 300.000000 0.000000

Surface: s1
38.887238 38.887238 38.899929 38.899929
-77.052115 -77.052115 -77.057792 -77.057792
0.000000 300.000000 300.000000 0.000000

Surface: s2
38.897737 38.897737 38.885095 38.885095
-77.060541 -77.060541 -77.054885 -77.054885
0.000000 300.000000 300.000000 0.000000

Surface: u
38.899929 38.887238 38.885095 38.897737
-77.057792 -77.052115 -77.054885 -77.060541
300.000000 300.000000 300.000000 300.000000

Surface: l
38.887238 38.899929 38.897737 38.885095
-77.052115 -77.057792 -77.060541 -77.054885
0.000000 0.000000 0.000000 0.000000

Segment: 9
Surface: w1
38.887238 38.887238 38.885095 38.885095
-77.052115 -77.052115 -77.054885 -77.054885
0.000000 200.000000 200.000000 0.000000

Surface: w2
38.880811 38.880811 38.878522 38.878522
-77.028878 -77.028878 -77.031122 -77.031122
0.000000 200.000000 200.000000 0.000000

Surface: s1
38.880811 38.880811 38.887238 38.887238
-77.028878 -77.028878 -77.052115 -77.052115
0.000000 200.000000 200.000000 0.000000

Surface: s2
38.885095 38.885095 38.878522 38.878522
-77.054885 -77.054885 -77.031122 -77.031122
0.000000 200.000000 200.000000 0.000000

Surface: u
38.887238 38.880811 38.878522 38.885095
-77.052115 -77.028878 -77.031122 -77.054885
200.000000 200.000000 200.000000 200.000000

Surface: l
38.880811 38.887238 38.885095 38.878522
-77.028878 -77.052115 -77.054885 -77.031122
0.000000 0.000000 0.000000 0.000000

Segment: 10
Surface: w1
38.880811 38.880811 38.878522 38.878522
-77.028878 -77.028878 -77.031122 -77.031122
0.000000 200.000000 200.000000 0.000000

Surface: w2
38.872318 38.872318 38.871349 38.871349
-77.021288 -77.021288 -77.024712 -77.024712
0.000000 200.000000 200.000000 0.000000

Surface: s1
38.872318 38.872318 38.880811 38.880811
-77.021288 -77.021288 -77.028878 -77.028878
0.000000 200.000000 200.000000 0.000000

Surface: s2
38.878522 38.878522 38.871349 38.871349
-77.031122 -77.031122 -77.024712 -77.024712
0.000000 200.000000 200.000000 0.000000

Surface: u
38.880811 38.872318 38.871349 38.878522
-77.028878 -77.021288 -77.024712 -77.031122
200.000000 200.000000 200.000000 200.000000

Surface: l
38.872318 38.880811 38.878522 38.871349
-77.021288 -77.028878 -77.031122 -77.024712
0.000000 0.000000 0.000000 0.000000

Segment: 11
Surface: w1
38.872318 38.872318 38.871349 38.871349
-77.021288 -77.021288 -77.024712 -77.024712
0.000000 200.000000 200.000000 0.000000

Surface: w2
38.857248 38.857248 38.857419 38.857419
-77.019556 -77.019556 -77.023110 -77.023110
0.000000 200.000000 200.000000 0.000000

Surface: s1
38.857248 38.857248 38.872318 38.872318
-77.019556 -77.019556 -77.021288 -77.021288
0.000000 200.000000 200.000000 0.000000

Surface: s2
38.871349 38.871349 38.857419 38.857419
-77.024712 -77.024712 -77.023110 -77.023110
0.000000 200.000000 200.000000 0.000000

Surface: u
38.872318 38.857248 38.857419 38.871349
-77.021288 -77.019556 -77.023110 -77.024712
200.000000 200.000000 200.000000 200.000000

Surface: l
38.857248 38.872318 38.871349 38.857419
-77.019556 -77.021288 -77.024712 -77.023110
0.000000 0.000000 0.000000 0.000000

Segment: 12
Surface: w1
38.857248 38.857248 38.857419 38.857419
-77.019556 -77.019556 -77.023110 -77.023110
0.000000 200.000000 200.000000 0.000000

Surface: w2
38.827127 38.827127 38.827540 38.827540
-77.027924 -77.027924 -77.031409 -77.031409
0.000000 200.000000 200.000000 0.000000

Surface: s1
38.827127 38.827127 38.857248 38.857248
-77.027924 -77.027924 -77.019556 -77.019556
0.000000 200.000000 200.000000 0.000000

Surface: s2
38.857419 38.857419 38.827540 38.827540
-77.023110 -77.023110 -77.031409 -77.031409
0.000000 200.000000 200.000000 0.000000

Surface: u
38.857248 38.827127 38.827540 38.857419
-77.019556 -77.027924 -77.031409 -77.023110
200.000000 200.000000 200.000000 200.000000

Surface: l
38.827127 38.857248 38.857419 38.827540
-77.027924 -77.019556 -77.023110 -77.031409
0.000000 0.000000 0.000000 0.000000

Segment: 13
Surface: w1
38.827127 38.827127 38.827540 38.827540
-77.027924 -77.027924 -77.031409 -77.031409
0.000000 200.000000 200.000000 0.000000

Surface: w2
38.801030 38.801030 38.801303 38.801303
-77.030917 -77.030917 -77.034417 -77.034417
0.000000 200.000000 200.000000 0.000000

Surface: s1
38.801030 38.801030 38.827127 38.827127
-77.030917 -77.030917 -77.027924 -77.027924
0.000000 200.000000 200.000000 0.000000

Surface: s2
38.827540 38.827540 38.801303 38.801303
-77.031409 -77.031409 -77.034417 -77.034417
0.000000 200.000000 200.000000 0.000000

Surface: u
38.827127 38.801030 38.801303 38.827540
-77.027924 -77.030917 -77.034417 -77.031409
200.000000 200.000000 200.000000 200.000000

Surface: l
38.801030 38.827127 38.827540 38.801303
-77.030917 -77.027924 -77.031409 -77.034417
0.000000 0.000000 0.000000 0.000000

Segment: 14
Surface: w1
38.801030 38.801030 38.801303 38.801303
-77.030917 -77.030917 -77.034417 -77.034417
0.000000 200.000000 200.000000 0.000000

Surface: w2
38.788140 38.788140 38.788527 38.788527
-77.032758 -77.032758 -77.036242 -77.036242
0.000000 200.000000 200.000000 0.000000

Surface: s1
38.788140 38.788140 38.801030 38.801030
-77.032758 -77.032758 -77.030917 -77.030917
0.000000 200.000000 200.000000 0.000000

Surface: s2
38.801303 38.801303 38.788527 38.788527
-77.034417 -77.034417 -77.036242 -77.036242
0.000000 200.000000 200.000000 0.000000

Surface: u
38.801030 38.788140 38.788527 38.801303
-77.030917 -77.032758 -77.036242 -77.034417
200.000000 200.000000 200.000000 200.000000

Surface: l
38.788140 38.801030 38.801303 38.788527
-77.032758 -77.030917 -77.034417 -77.036242
0.000000 0.000000 0.000000 0.000000

Segment: 15
Surface: w1
38.788140 38.788140 38.788527 38.788527
-77.032758 -77.032758 -77.036242 -77.036242
0.000000 600.000000 600.000000 0.000000

Surface: w2
38.765155 38.765155 38.765178 38.765178
-77.037885 -77.037885 -77.041448 -77.041448
0.000000 600.000000 600.000000 0.000000

Surface: s1
38.765155 38.765155 38.788140 38.788140
-77.037885 -77.037885 -77.032758 -77.032758
0.000000 600.000000 600.000000 0.000000

Surface: s2
38.788527 38.788527 38.765178 38.765178
-77.036242 -77.036242 -77.041448 -77.041448
0.000000 600.000000 600.000000 0.000000

Surface: u
38.788140 38.765155 38.765178 38.788527
-77.032758 -77.037885 -77.041448 -77.036242
600.000000 600.000000 600.000000 600.000000

Surface: l
38.765155 38.788140 38.788527 38.765178
-77.037885 -77.032758 -77.036242 -77.041448
0.000000 0.000000 0.000000 0.000000

Segment: 16
Surface: w1
38.765155 38.765155 38.765178 38.765178
-77.037885 -77.037885 -77.041448 -77.041448
0.000000 600.000000 600.000000 0.000000

Surface: w2
38.743746 38.743746 38.743587 38.743587
-77.033571 -77.033571 -77.037096 -77.037096
0.000000 600.000000 600.000000 0.000000

Surface: s1
38.743746 38.743746 38.765155 38.765155
-77.033571 -77.033571 -77.037885 -77.037885
0.000000 600.000000 600.000000 0.000000

Surface: s2
38.765178 38.765178 38.743587 38.743587
-77.041448 -77.041448 -77.037096 -77.037096
0.000000 600.000000 600.000000 0.000000

Surface: u
38.765155 38.743746 38.743587 38.765178
-77.037885 -77.033571 -77.037096 -77.041448
600.000000 600.000000 600.000000 600.000000

Surface: l
38.743746 38.765155 38.765178 38.743587
-77.033571 -77.037885 -77.041448 -77.037096
0.000000 0.000000 0.000000 0.000000

Segment: 17
Surface: w1
38.743746 38.743746 38.743587 38.743587
-77.033571 -77.033571 -77.037096 -77.037096
0.000000 1000.000000 1000.000000 0.000000

Surface: w2
38.721250 38.721250 38.721083 38.721083
-77.034738 -77.034738 -77.038262 -77.038262
0.000000 1000.000000 1000.000000 0.000000

Surface: s1
38.721250 38.721250 38.743746 38.743746
-77.034738 -77.034738 -77.033571 -77.033571
0.000000 1000.000000 1000.000000 0.000000

Surface: s2
38.743587 38.743587 38.721083 38.721083
-77.037096 -77.037096 -77.038262 -77.038262
0.000000 1000.000000 1000.000000 0.000000

Surface: u
38.743746 38.721250 38.721083 38.743587
-77.033571 -77.034738 -77.038262 -77.037096
1000.000000 1000.000000 1000.000000 1000.000000

Surface: l
38.721250 38.743746 38.743587 38.721083
-77.034738 -77.033571 -77.037096 -77.038262
0.000000 0.000000 0.000000 0.000000

Segment: 18
Surface: w1
38.721250 38.721250 38.721083 38.721083
-77.034738 -77.034738 -77.038262 -77.038262
0.000000 1000.000000 1000.000000 0.000000

Surface: w2
38.714221 38.714221 38.713779 38.713779
-77.033266 -77.033266 -77.036734 -77.036734
0.000000 1000.000000 1000.000000 0.000000

Surface: s1
38.714221 38.714221 38.721250 38.721250
-77.033266 -77.033266 -77.034738 -77.034738
0.000000 1000.000000 1000.000000 0.000000

Surface: s2
38.721083 38.721083 38.713779 38.713779
-77.038262 -77.038262 -77.036734 -77.036734
0.000000 1000.000000 1000.000000 0.000000

Surface: u
38.721250 38.714221 38.713779 38.721083
-77.034738 -77.033266 -77.036734 -77.038262
1000.000000 1000.000000 1000.000000 1000.000000

Surface: l
38.714221 38.721250 38.721083 38.713779
-77.033266 -77.034738 -77.038262 -77.036734
0.000000 0.000000 0.000000 0.000000

Identifier: HeliC2
Segment: 1
Surface: w1
38.990903 38.990903 38.992097 38.992097
-76.885080 -76.885080 -76.888254 -76.888254
0.000000 1300.000000 1300.000000 0.000000

Surface: w2
38.964473 38.964473 38.965526 38.965526
-76.901536 -76.901536 -76.904797 -76.904797
0.000000 1300.000000 1300.000000 0.000000

Surface: s1
38.964473 38.964473 38.990903 38.990903
-76.901536 -76.901536 -76.885080 -76.885080
0.000000 1300.000000 1300.000000 0.000000

Surface: s2
38.992097 38.992097 38.965526 38.965526
-76.888254 -76.888254 -76.904797 -76.904797
0.000000 1300.000000 1300.000000 0.000000

Surface: u
38.990903 38.964473 38.965526 38.992097
-76.885080 -76.901536 -76.904797 -76.888254
1300.000000 1300.000000 1300.000000 1300.000000

Surface: l
38.964473 38.990903 38.992097 38.965526
-76.901536 -76.885080 -76.888254 -76.904797
0.000000 0.000000 0.000000 0.000000

Segment: 2
Surface: w1
38.964473 38.964473 38.965526 38.965526
-76.901536 -76.901536 -76.904797 -76.904797
0.000000 1300.000000 1300.000000 0.000000

Surface: w2
38.934558 38.934558 38.936108 38.936108
-76.914982 -76.914982 -76.918018 -76.918018
0.000000 1300.000000 1300.000000 0.000000

Surface: s1
38.934558 38.934558 38.964473 38.964473
-76.914982 -76.914982 -76.901536 -76.901536
0.000000 1300.000000 1300.000000 0.000000

Surface: s2
38.965526 38.965526 38.936108 38.936108
-76.904797 -76.904797 -76.918018 -76.918018
0.000000 1300.000000 1300.000000 0.000000

Surface: u
38.964473 38.934558 38.936108 38.965526
-76.901536 -76.914982 -76.918018 -76.904797
1300.000000 1300.000000 1300.000000 1300.000000

Surface: l
38.934558 38.964473 38.965526 38.936108
-76.914982 -76.901536 -76.904797 -76.918018
0.000000 0.000000 0.000000 0.000000

Segment: 3
Surface: w1
38.934558 38.934558 38.936108 38.936108
-76.914982 -76.914982 -76.918018 -76.918018
0.000000 1300.000000 1300.000000 0.000000

Surface: w2
38.915169 38.915169 38.917164 38.917164
-76.941959 -76.941959 -76.944375 -76.944375
0.000000 1300.000000 1300.000000 0.000000

Surface: s1
38.915169 38.915169 38.934558 38.934558
-76.941959 -76.941959 -76.914982 -76.914982
0.000000 1300.000000 1300.000000 0.000000

Surface: s2
38.936108 38.936108 38.917164 38.917164
-76.918018 -76.918018 -76.944375 -76.944375
0.000000 1300.000000 1300.000000 0.000000

Surface: u
38.934558 38.915169 38.917164 38.936108
-76.914982 -76.941959 -76.944375 -76.918018
1300.000000 1300.000000 1300.000000 1300.000000

Surface: l
38.915169 38.934558 38.936108 38.917164
-76.941959 -76.914982 -76.918018 -76.944375
0.000000 0.000000 0.000000 0.000000

Segment: 4
Surface: w1
38.915169 38.915169 38.917164 38.917164
-76.941959 -76.941959 -76.944375 -76.944375
0.000000 700.000000 700.000000 0.000000

Surface: w2
38.901605 38.901605 38.903062 38.903062
-76.960099 -76.960099 -76.963235 -76.963235
0.000000 700.000000 700.000000 0.000000

Surface: s1
38.901605 38.901605 38.915169 38.915169
-76.960099 -76.960099 -76.941959 -76.941959
0.000000 700.000000 700.000000 0.000000

Surface: s2
38.917164 38.917164 38.903062 38.903062
-76.944375 -76.944375 -76.963235 -76.963235
0.000000 700.000000 700.000000 0.000000

Surface: u
38.915169 38.901605 38.903062 38.917164
-76.941959 -76.960099 -76.963235 -76.944375
700.000000 700.000000 700.000000 700.000000

Surface: l
38.901605 38.915169 38.917164 38.903062
-76.960099 -76.941959 -76.944375 -76.963235
0.000000 0.000000 0.000000 0.000000

Segment: 5
Surface: w1
38.901605 38.901605 38.903062 38.903062
-76.960099 -76.960099 -76.963235 -76.963235
0.000000 700.000000 700.000000 0.000000

Surface: w2
38.884867 38.884867 38.886133 38.886133
-76.966065 -76.966065 -76.969268 -76.969268
0.000000 700.000000 700.000000 0.000000

Surface: s1
38.884867 38.884867 38.901605 38.901605
-76.966065 -76.966065 -76.960099 -76.960099
0.000000 700.000000 700.000000 0.000000

Surface: s2
38.903062 38.903062 38.886133 38.886133
-76.963235 -76.963235 -76.969268 -76.969268
0.000000 700.000000 700.000000 0.000000

Surface: u
38.901605 38.884867 38.886133 38.903062
-76.960099 -76.966065 -76.969268 -76.963235
700.000000 700.000000 700.000000 700.000000

Surface: l
38.884867 38.901605 38.903062 38.886133
-76.966065 -76.960099 -76.963235 -76.969268
0.000000 0.000000 0.000000 0.000000

Segment: 6
Surface: w1
38.884867 38.884867 38.886133 38.886133
-76.966065 -76.966065 -76.969268 -76.969268
0.000000 700.000000 700.000000 0.000000

Surface: w2
38.874569 38.874569 38.876765 38.876765
-76.976538 -76.976538 -76.978796 -76.978796
0.000000 700.000000 700.000000 0.000000

Surface: s1
38.874569 38.874569 38.884867 38.884867
-76.976538 -76.976538 -76.966065 -76.966065
0.000000 700.000000 700.000000 0.000000

Surface: s2
38.886133 38.886133 38.876765 38.876765
-76.969268 -76.969268 -76.978796 -76.978796
0.000000 700.000000 700.000000 0.000000

Surface: u
38.884867 38.874569 38.876765 38.886133
-76.966065 -76.976538 -76.978796 -76.969268
700.000000 700.000000 700.000000 700.000000

Surface: l
38.874569 38.884867 38.886133 38.876765
-76.976538 -76.966065 -76.969268 -76.978796
0.000000 0.000000 0.000000 0.000000

Segment: 7
Surface: w1
38.874569 38.874569 38.876765 38.876765
-76.976538 -76.976538 -76.978796 -76.978796
0.000000 500.000000 500.000000 0.000000

Surface: w2
38.869946 38.869946 38.872388 38.872388
-76.988866 -76.988866 -76.990468 -76.990468
0.000000 500.000000 500.000000 0.000000

Surface: s1
38.869946 38.869946 38.874569 38.874569
-76.988866 -76.988866 -76.976538 -76.976538
0.000000 500.000000 500.000000 0.000000

Surface: s2
38.876765 38.876765 38.872388 38.872388
-76.978796 -76.978796 -76.990468 -76.990468
0.000000 500.000000 500.000000 0.000000

Surface: u
38.874569 38.869946 38.872388 38.876765
-76.976538 -76.988866 -76.990468 -76.978796
500.000000 500.000000 500.000000 500.000000

Surface: l
38.869946 38.874569 38.876765 38.872388
-76.988866 -76.976538 -76.978796 -76.990468
0.000000 0.000000 0.000000 0.000000

Segment: 8
Surface: w1
38.869946 38.869946 38.872388 38.872388
-76.988866 -76.988866 -76.990468 -76.990468
0.000000 300.000000 300.000000 0.000000

Surface: w2
38.867129 38.867129 38.869871 38.869871
-76.995555 -76.995555 -76.996445 -76.996445
0.000000 300.000000 300.000000 0.000000

Surface: s1
38.867129 38.867129 38.869946 38.869946
-76.995555 -76.995555 -76.988866 -76.988866
0.000000 300.000000 300.000000 0.000000

Surface: s2
38.872388 38.872388 38.869871 38.869871
-76.990468 -76.990468 -76.996445 -76.996445
0.000000 300.000000 300.000000 0.000000

Surface: u
38.869946 38.867129 38.869871 38.872388
-76.988866 -76.995555 -76.996445 -76.990468
300.000000 300.000000 300.000000 300.000000

Surface: l
38.867129 38.869946 38.872388 38.869871
-76.995555 -76.988866 -76.990468 -76.996445
0.000000 0.000000 0.000000 0.000000

Segment: 9
Surface: w1
38.867129 38.867129 38.869871 38.869871
-76.995555 -76.995555 -76.996445 -76.996445
0.000000 300.000000 300.000000 0.000000

Surface: w2
38.867129 38.867129 38.869871 38.869871
-77.002997 -77.002997 -77.004670 -77.004670
0.000000 300.000000 300.000000 0.000000

Surface: s1
38.867129 38.867129 38.867129 38.867129
-77.002997 -77.002997 -76.995555 -76.995555
0.000000 300.000000 300.000000 0.000000

Surface: s2
38.869871 38.869871 38.869871 38.869871
-76.996445 -76.996445 -77.004670 -77.004670
0.000000 300.000000 300.000000 0.000000

Surface: u
38.867129 38.867129 38.869871 38.869871
-76.995555 -77.002997 -77.004670 -76.996445
300.000000 300.000000 300.000000 300.000000

Surface: l
38.867129 38.867129 38.869871 38.869871
-77.002997 -76.995555 -76.996445 -77.004670
0.000000 0.000000 0.000000 0.000000

Segment: 10
Surface: w1
38.867129 38.867129 38.869871 38.869871
-77.002997 -77.002997 -77.004670 -77.004670
0.000000 300.000000 300.000000 0.000000

Surface: w2
38.860161 38.860161 38.862172 38.862172
-77.010282 -77.010282 -77.012718 -77.012718
0.000000 300.000000 300.000000 0.000000

Surface: s1
38.860161 38.860161 38.867129 38.867129
-77.010282 -77.010282 -77.002997 -77.002997
0.000000 300.000000 300.000000 0.000000

Surface: s2
38.869871 38.869871 38.862172 38.862172
-77.004670 -77.004670 -77.012718 -77.012718
0.000000 300.000000 300.000000 0.000000

Surface: u
38.867129 38.860161 38.862172 38.869871
-77.002997 -77.010282 -77.012718 -77.004670
300.000000 300.000000 300.000000 300.000000

Surface: l
38.860161 38.867129 38.869871 38.862172
-77.010282 -77.002997 -77.004670 -77.012718
0.000000 0.000000 0.000000 0.000000

Segment: 11
Surface: w1
38.860161 38.860161 38.862172 38.862172
-77.010282 -77.010282 -77.012718 -77.012718
0.000000 300.000000 300.000000 0.000000

Surface: w2
38.854722 38.854722 38.856945 38.856945
-77.019971 -77.019971 -77.022029 -77.022029
0.000000 300.000000 300.000000 0.000000

Surface: s1
38.854722 38.854722 38.860161 38.860161
-77.019971 -77.019971 -77.010282 -77.010282
0.000000 300.000000 300.000000 0.000000

Surface: s2
38.862172 38.862172 38.856945 38.856945
-77.012718 -77.012718 -77.022029 -77.022029
0.000000 300.000000 300.000000 0.000000

Surface: u
38.860161 38.854722 38.856945 38.862172
-77.010282 -77.019971 -77.022029 -77.012718
300.000000 300.000000 300.000000 300.000000

Surface: l
38.854722 38.860161 38.862172 38.856945
-77.019971 -77.010282 -77.012718 -77.022029
0.000000 0.000000 0.000000 0.000000

Identifier: HeliC3
Segment: 1
Surface: w1
38.876184 38.876184 38.873816 38.873816
-76.976614 -76.976614 -76.978386 -76.978386
0.000000 1400.000000 1400.000000 0.000000

Surface: w2
38.868492 38.868492 38.866842 38.866842
-76.959655 -76.959655 -76.963011 -76.963011
0.000000 1400.000000 1400.000000 0.000000

Surface: s1
38.868492 38.868492 38.876184 38.876184
-76.959655 -76.959655 -76.976614 -76.976614
0.000000 1400.000000 1400.000000 0.000000

Surface: s2
38.873816 38.873816 38.866842 38.866842
-76.978386 -76.978386 -76.963011 -76.963011
0.000000 1400.000000 1400.000000 0.000000

Surface: u
38.876184 38.868492 38.866842 38.873816
-76.976614 -76.959655 -76.963011 -76.978386
1400.000000 1400.000000 1400.000000 1400.000000

Surface: l
38.868492 38.876184 38.873816 38.866842
-76.959655 -76.976614 -76.978386 -76.963011
0.000000 0.000000 0.000000 0.000000

Segment: 2
Surface: w1
38.868492 38.868492 38.866842 38.866842
-76.959655 -76.959655 -76.963011 -76.963011
0.000000 1400.000000 1400.000000 0.000000

Surface: w2
38.854105 38.854105 38.853228 38.853228
-76.958114 -76.958114 -76.961552 -76.961552
0.000000 1400.000000 1400.000000 0.000000

Surface: s1
38.854105 38.854105 38.868492 38.868492
-76.958114 -76.958114 -76.959655 -76.959655
0.000000 1400.000000 1400.000000 0.000000

Surface: s2
38.866842 38.866842 38.853228 38.853228
-76.963011 -76.963011 -76.961552 -76.961552
0.000000 1400.000000 1400.000000 0.000000

Surface: u
38.868492 38.854105 38.853228 38.866842
-76.959655 -76.958114 -76.961552 -76.963011
1400.000000 1400.000000 1400.000000 1400.000000

Surface: l
38.854105 38.868492 38.866842 38.853228
-76.958114 -76.959655 -76.963011 -76.961552
0.000000 0.000000 0.000000 0.000000

Segment: 3
Surface: w1
38.854105 38.854105 38.853228 38.853228
-76.958114 -76.958114 -76.961552 -76.961552
0.000000 1400.000000 1400.000000 0.000000

Surface: w2
38.832833 38.832833 38.830833 38.830833
-76.941390 -76.941390 -76.943944 -76.943944
0.000000 1400.000000 1400.000000 0.000000

Surface: s1
38.832833 38.832833 38.854105 38.854105
-76.941390 -76.941390 -76.958114 -76.958114
0.000000 1400.000000 1400.000000 0.000000

Surface: s2
38.853228 38.853228 38.830833 38.830833
-76.961552 -76.961552 -76.943944 -76.943944
0.000000 1400.000000 1400.000000 0.000000

Surface: u
38.854105 38.832833 38.830833 38.853228
-76.958114 -76.941390 -76.943944 -76.961552
1400.000000 1400.000000 1400.000000 1400.000000

Surface: l
38.832833 38.854105 38.853228 38.830833
-76.941390 -76.958114 -76.961552 -76.943944
0.000000 0.000000 0.000000 0.000000

Segment: 4
Surface: w1
38.832833 38.832833 38.830833 38.830833
-76.941390 -76.941390 -76.943944 -76.943944
0.000000 1400.000000 1400.000000 0.000000

Surface: w2
38.824469 38.824469 38.822531 38.822531
-76.923658 -76.923658 -76.926342 -76.926342
0.000000 1400.000000 1400.000000 0.000000

Surface: s1
38.824469 38.824469 38.832833 38.832833
-76.923658 -76.923658 -76.941390 -76.941390
0.000000 1400.000000 1400.000000 0.000000

Surface: s2
38.830833 38.830833 38.822531 38.822531
-76.943944 -76.943944 -76.926342 -76.926342
0.000000 1400.000000 1400.000000 0.000000

Surface: u
38.832833 38.824469 38.822531 38.830833
-76.941390 -76.923658 -76.926342 -76.943944
1400.000000 1400.000000 1400.000000 1400.000000

Surface: l
38.824469 38.832833 38.830833 38.822531
-76.923658 -76.941390 -76.943944 -76.926342
0.000000 0.000000 0.000000 0.000000

Segment: 5
Surface: w1
38.824469 38.824469 38.822531 38.822531
-76.923658 -76.923658 -76.926342 -76.926342
0.000000 1400.000000 1400.000000 0.000000

Surface: w2
38.817453 38.817453 38.816214 38.816214
-76.919097 -76.919097 -76.922236 -76.922236
0.000000 1400.000000 1400.000000 0.000000

Surface: s1
38.817453 38.817453 38.824469 38.824469
-76.919097 -76.919097 -76.923658 -76.923658
0.000000 1400.000000 1400.000000 0.000000

Surface: s2
38.822531 38.822531 38.816214 38.816214
-76.926342 -76.926342 -76.922236 -76.922236
0.000000 1400.000000 1400.000000 0.000000

Surface: u
38.824469 38.817453 38.816214 38.822531
-76.923658 -76.919097 -76.922236 -76.926342
1400.000000 1400.000000 1400.000000 1400.000000

Surface: l
38.817453 38.824469 38.822531 38.816214
-76.919097 -76.923658 -76.926342 -76.922236
0.000000 0.000000 0.000000 0.000000

Identifier: HeliC4
Segment: 1
Surface: w1
38.968230 38.968230 38.970104 38.970104
-77.179047 -77.179047 -77.181620 -77.181620
0.000000 1400.000000 1400.000000 0.000000

Surface: w2
38.961032 38.961032 38.962635 38.962635
-77.187717 -77.187717 -77.190616 -77.190616
0.000000 1400.000000 1400.000000 0.000000

Surface: s1
38.961032 38.961032 38.968230 38.968230
-77.187717 -77.187717 -77.179047 -77.179047
0.000000 1400.000000 1400.000000 0.000000

Surface: s2
38.970104 38.970104 38.962635 38.962635
-77.181620 -77.181620 -77.190616 -77.190616
0.000000 1400.000000 1400.000000 0.000000

Surface: u
38.968230 38.961032 38.962635 38.970104
-77.179047 -77.187717 -77.190616 -77.181620
1400.000000 1400.000000 1400.000000 1400.000000

Surface: l
38.961032 38.968230 38.970104 38.962635
-77.187717 -77.179047 -77.181620 -77.190616
0.000000 0.000000 0.000000 0.000000

Segment: 2
Surface: w1
38.961032 38.961032 38.962635 38.962635
-77.187717 -77.187717 -77.190616 -77.190616
0.000000 1400.000000 1400.000000 0.000000

Surface: w2
38.922872 38.922872 38.923794 38.923794
-77.213488 -77.213488 -77.216845 -77.216845
0.000000 1400.000000 1400.000000 0.000000

Surface: s1
38.922872 38.922872 38.961032 38.961032
-77.213488 -77.213488 -77.187717 -77.187717
0.000000 1400.000000 1400.000000 0.000000

Surface: s2
38.962635 38.962635 38.923794 38.923794
-77.190616 -77.190616 -77.216845 -77.216845
0.000000 1400.000000 1400.000000 0.000000

Surface: u
38.961032 38.922872 38.923794 38.962635
-77.187717 -77.213488 -77.216845 -77.190616
1400.000000 1400.000000 1400.000000 1400.000000

Surface: l
38.922872 38.961032 38.962635 38.923794
-77.213488 -77.187717 -77.190616 -77.216845
0.000000 0.000000 0.000000 0.000000

Segment: 3
Surface: w1
38.922872 38.922872 38.923794 38.923794
-77.213488 -77.213488 -77.216845 -77.216845
0.000000 1400.000000 1400.000000 0.000000

Surface: w2
38.910802 38.910802 38.910865 38.910865
-77.216546 -77.216546 -77.220121 -77.220121
0.000000 1400.000000 1400.000000 0.000000

Surface: s1
38.910802 38.910802 38.922872 38.922872
-77.216546 -77.216546 -77.213488 -77.213488
0.000000 1400.000000 1400.000000 0.000000

Surface: s2
38.923794 38.923794 38.910865 38.910865
-77.216845 -77.216845 -77.220121 -77.220121
0.000000 1400.000000 1400.000000 0.000000

Surface: u
38.922872 38.910802 38.910865 38.923794
-77.213488 -77.216546 -77.220121 -77.216845
1400.000000 1400.000000 1400.000000 1400.000000

Surface: l
38.910802 38.922872 38.923794 38.910865
-77.216546 -77.213488 -77.216845 -77.220121
0.000000 0.000000 0.000000 0.000000

Segment: 4
Surface: w1
38.910802 38.910802 38.910865 38.910865
-77.216546 -77.216546 -77.220121 -77.220121
0.000000 1400.000000 1400.000000 0.000000

Surface: w2
38.895993 38.895993 38.896340 38.896340
-77.213686 -77.213686 -77.217314 -77.217314
0.000000 1400.000000 1400.000000 0.000000

Surface: s1
38.895993 38.895993 38.910802 38.910802
-77.213686 -77.213686 -77.216546 -77.216546
0.000000 1400.000000 1400.000000 0.000000

Surface: s2
38.910865 38.910865 38.896340 38.896340
-77.220121 -77.220121 -77.217314 -77.217314
0.000000 1400.000000 1400.000000 0.000000

Surface: u
38.910802 38.895993 38.896340 38.910865
-77.216546 -77.213686 -77.217314 -77.220121
1400.000000 1400.000000 1400.000000 1400.000000

Surface: l
38.895993 38.910802 38.910865 38.896340
-77.213686 -77.216546 -77.220121 -77.217314
0.000000 0.000000 0.000000 0.000000

Segment: 5
Surface: w1
38.895993 38.895993 38.896340 38.896340
-77.213686 -77.213686 -77.217314 -77.217314
0.000000 1400.000000 1400.000000 0.000000

Surface: w2
38.883414 38.883414 38.883919 38.883919
-77.220395 -77.220395 -77.223938 -77.223938
0.000000 1400.000000 1400.000000 0.000000

Surface: s1
38.883414 38.883414 38.895993 38.895993
-77.220395 -77.220395 -77.213686 -77.213686
0.000000 1400.000000 1400.000000 0.000000

Surface: s2
38.896340 38.896340 38.883919 38.883919
-77.217314 -77.217314 -77.223938 -77.223938
0.000000 1400.000000 1400.000000 0.000000

Surface: u
38.895993 38.883414 38.883919 38.896340
-77.213686 -77.220395 -77.223938 -77.217314
1400.000000 1400.000000 1400.000000 1400.000000

Surface: l
38.883414 38.895993 38.896340 38.883919
-77.220395 -77.213686 -77.217314 -77.223938
0.000000 0.000000 0.000000 0.000000

Segment: 6
Surface: w1
38.883414 38.883414 38.883919 38.883919
-77.220395 -77.220395 -77.223938 -77.223938
0.000000 1400.000000 1400.000000 0.000000

Surface: w2
38.829012 38.829012 38.829321 38.829321
-77.218234 -77.218234 -77.221766 -77.221766
0.000000 1400.000000 1400.000000 0.000000

Surface: s1
38.829012 38.829012 38.883414 38.883414
-77.218234 -77.218234 -77.220395 -77.220395
0.000000 1400.000000 1400.000000 0.000000

Surface: s2
38.883919 38.883919 38.829321 38.829321
-77.223938 -77.223938 -77.221766 -77.221766
0.000000 1400.000000 1400.000000 0.000000

Surface: u
38.883414 38.829012 38.829321 38.883919
-77.220395 -77.218234 -77.221766 -77.223938
1400.000000 1400.000000 1400.000000 1400.000000

Surface: l
38.829012 38.883414 38.883919 38.829321
-77.218234 -77.220395 -77.223938 -77.221766
0.000000 0.000000 0.000000 0.000000

Segment: 7
Surface: w1
38.829012 38.829012 38.829321 38.829321
-77.218234 -77.218234 -77.221766 -77.221766
0.000000 1400.000000 1400.000000 0.000000

Surface: w2
38.820308 38.820308 38.820026 38.820026
-77.221136 -77.221136 -77.224864 -77.224864
0.000000 1400.000000 1400.000000 0.000000

Surface: s1
38.820308 38.820308 38.829012 38.829012
-77.221136 -77.221136 -77.218234 -77.218234
0.000000 1400.000000 1400.000000 0.000000

Surface: s2
38.829321 38.829321 38.820026 38.820026
-77.221766 -77.221766 -77.224864 -77.224864
0.000000 1400.000000 1400.000000 0.000000

Surface: u
38.829012 38.820308 38.820026 38.829321
-77.218234 -77.221136 -77.224864 -77.221766
1400.000000 1400.000000 1400.000000 1400.000000

Surface: l
38.820308 38.829012 38.829321 38.820026
-77.221136 -77.218234 -77.221766 -77.224864
0.000000 0.000000 0.000000 0.000000

Segment: 8
Surface: w1
38.820308 38.820308 38.820026 38.820026
-77.221136 -77.221136 -77.224864 -77.224864
0.000000 1400.000000 1400.000000 0.000000

Surface: w2
38.802575 38.802575 38.800425 38.800425
-77.210211 -77.210211 -77.212789 -77.212789
0.000000 1400.000000 1400.000000 0.000000

Surface: s1
38.802575 38.802575 38.820308 38.820308
-77.210211 -77.210211 -77.221136 -77.221136
0.000000 1400.000000 1400.000000 0.000000

Surface: s2
38.820026 38.820026 38.800425 38.800425
-77.224864 -77.224864 -77.212789 -77.212789
0.000000 1400.000000 1400.000000 0.000000

Surface: u
38.820308 38.802575 38.800425 38.820026
-77.221136 -77.210211 -77.212789 -77.224864
1400.000000 1400.000000 1400.000000 1400.000000

Surface: l
38.802575 38.820308 38.820026 38.800425
-77.210211 -77.221136 -77.224864 -77.212789
0.000000 0.000000 0.000000 0.000000

Segment: 9
Surface: w1
38.802575 38.802575 38.800425 38.800425
-77.210211 -77.210211 -77.212789 -77.212789
0.000000 1400.000000 1400.000000 0.000000

Surface: w2
38.791761 38.791761 38.788906 38.788906
-77.175512 -77.175512 -77.175821 -77.175821
0.000000 1400.000000 1400.000000 0.000000

Surface: s1
38.791761 38.791761 38.802575 38.802575
-77.175512 -77.175512 -77.210211 -77.210211
0.000000 1400.000000 1400.000000 0.000000

Surface: s2
38.800425 38.800425 38.788906 38.788906
-77.212789 -77.212789 -77.175821 -77.175821
0.000000 1400.000000 1400.000000 0.000000

Surface: u
38.802575 38.791761 38.788906 38.800425
-77.210211 -77.175512 -77.175821 -77.212789
1400.000000 1400.000000 1400.000000 1400.000000

Surface: l
38.791761 38.802575 38.800425 38.788906
-77.175512 -77.210211 -77.212789 -77.175821
0.000000 0.000000 0.000000 0.000000

Segment: 10
Surface: w1
38.791761 38.791761 38.788906 38.788906
-77.175512 -77.175512 -77.175821 -77.175821
0.000000 1400.000000 1400.000000 0.000000

Surface: w2
38.803061 38.803061 38.800273 38.800273
-77.107880 -77.107880 -77.107786 -77.107786
0.000000 1400.000000 1400.000000 0.000000

Surface: s1
38.803061 38.803061 38.791761 38.791761
-77.107880 -77.107880 -77.175512 -77.175512
0.000000 1400.000000 1400.000000 0.000000

Surface: s2
38.788906 38.788906 38.800273 38.800273
-77.175821 -77.175821 -77.107786 -77.107786
0.000000 1400.000000 1400.000000 0.000000

Surface: u
38.791761 38.803061 38.800273 38.788906
-77.175512 -77.107880 -77.107786 -77.175821
1400.000000 1400.000000 1400.000000 1400.000000

Surface: l
38.803061 38.791761 38.788906 38.800273
-77.107880 -77.175512 -77.175821 -77.107786
0.000000 0.000000 0.000000 0.000000

Segment: 11
Surface: w1
38.803061 38.803061 38.800273 38.800273
-77.107880 -77.107880 -77.107786 -77.107786
0.000000 1400.000000 1400.000000 0.000000

Surface: w2
38.798486 38.798486 38.795848 38.795848
-77.071279 -77.071279 -77.072387 -77.072387
0.000000 1400.000000 1400.000000 0.000000

Surface: s1
38.798486 38.798486 38.803061 38.803061
-77.071279 -77.071279 -77.107880 -77.107880
0.000000 1400.000000 1400.000000 0.000000

Surface: s2
38.800273 38.800273 38.795848 38.795848
-77.107786 -77.107786 -77.072387 -77.072387
0.000000 1400.000000 1400.000000 0.000000

Surface: u
38.803061 38.798486 38.795848 38.800273
-77.107880 -77.071279 -77.072387 -77.107786
1400.000000 1400.000000 1400.000000 1400.000000

Surface: l
38.798486 38.803061 38.800273 38.795848
-77.071279 -77.107880 -77.107786 -77.072387
0.000000 0.000000 0.000000 0.000000

Segment: 12
Surface: w1
38.798486 38.798486 38.795848 38.795848
-77.071279 -77.071279 -77.072387 -77.072387
0.000000 1400.000000 1400.000000 0.000000

Surface: w2
38.794172 38.794172 38.791495 38.791495
-77.060495 -77.060495 -77.061505 -77.061505
0.000000 1400.000000 1400.000000 0.000000

Surface: s1
38.794172 38.794172 38.798486 38.798486
-77.060495 -77.060495 -77.071279 -77.071279
0.000000 1400.000000 1400.000000 0.000000

Surface: s2
38.795848 38.795848 38.791495 38.791495
-77.072387 -77.072387 -77.061505 -77.061505
0.000000 1400.000000 1400.000000 0.000000

Surface: u
38.798486 38.794172 38.791495 38.795848
-77.071279 -77.060495 -77.061505 -77.072387
1400.000000 1400.000000 1400.000000 1400.000000

Surface: l
38.794172 38.798486 38.795848 38.791495
-77.060495 -77.071279 -77.072387 -77.061505
0.000000 0.000000 0.000000 0.000000

Segment: 13
Surface: w1
38.794172 38.794172 38.791495 38.791495
-77.060495 -77.060495 -77.061505 -77.061505
0.000000 300.000000 300.000000 0.000000

Surface: w2
38.792705 38.792705 38.789962 38.789962
-77.041425 -77.041425 -77.041575 -77.041575
0.000000 300.000000 300.000000 0.000000

Surface: s1
38.792705 38.792705 38.794172 38.794172
-77.041425 -77.041425 -77.060495 -77.060495
0.000000 300.000000 300.000000 0.000000

Surface: s2
38.791495 38.791495 38.789962 38.789962
-77.061505 -77.061505 -77.041575 -77.041575
0.000000 300.000000 300.000000 0.000000

Surface: u
38.794172 38.792705 38.789962 38.791495
-77.060495 -77.041425 -77.041575 -77.061505
300.000000 300.000000 300.000000 300.000000

Surface: l
38.792705 38.794172 38.791495 38.789962
-77.041425 -77.060495 -77.061505 -77.041575
0.000000 0.000000 0.000000 0.000000

Segment: 14
Surface: w1
38.792705 38.792705 38.789962 38.789962
-77.041425 -77.041425 -77.041575 -77.041575
0.000000 300.000000 300.000000 0.000000

Surface: w2
38.792866 38.792866 38.790134 38.790134
-77.025641 -77.025641 -77.024692 -77.024692
0.000000 300.000000 300.000000 0.000000

Surface: s1
38.792866 38.792866 38.792705 38.792705
-77.025641 -77.025641 -77.041425 -77.041425
0.000000 300.000000 300.000000 0.000000

Surface: s2
38.789962 38.789962 38.790134 38.790134
-77.041575 -77.041575 -77.024692 -77.024692
0.000000 300.000000 300.000000 0.000000

Surface: u
38.792705 38.792866 38.790134 38.789962
-77.041425 -77.025641 -77.024692 -77.041575
300.000000 300.000000 300.000000 300.000000

Surface: l
38.792866 38.792705 38.789962 38.790134
-77.025641 -77.041425 -77.041575 -77.024692
0.000000 0.000000 0.000000 0.000000

Segment: 15
Surface: w1
38.792866 38.792866 38.790134 38.790134
-77.025641 -77.025641 -77.024692 -77.024692
0.000000 800.000000 800.000000 0.000000

Surface: w2
38.804814 38.804814 38.802186 38.802186
-76.998592 -76.998592 -76.997408 -76.997408
0.000000 800.000000 800.000000 0.000000

Surface: s1
38.804814 38.804814 38.792866 38.792866
-76.998592 -76.998592 -77.025641 -77.025641
0.000000 800.000000 800.000000 0.000000

Surface: s2
38.790134 38.790134 38.802186 38.802186
-77.024692 -77.024692 -76.997408 -76.997408
0.000000 800.000000 800.000000 0.000000

Surface: u
38.792866 38.804814 38.802186 38.790134
-77.025641 -76.998592 -76.997408 -77.024692
800.000000 800.000000 800.000000 800.000000

Surface: l
38.804814 38.792866 38.790134 38.802186
-76.998592 -77.025641 -77.024692 -76.997408
0.000000 0.000000 0.000000 0.000000

Segment: 16
Surface: w1
38.804814 38.804814 38.802186 38.802186
-76.998592 -76.998592 -76.997408 -76.997408
0.000000 800.000000 800.000000 0.000000

Surface: w2
38.807825 38.807825 38.805175 38.805175
-76.974505 -76.974505 -76.973495 -76.973495
0.000000 800.000000 800.000000 0.000000

Surface: s1
38.807825 38.807825 38.804814 38.804814
-76.974505 -76.974505 -76.998592 -76.998592
0.000000 800.000000 800.000000 0.000000

Surface: s2
38.802186 38.802186 38.805175 38.805175
-76.997408 -76.997408 -76.973495 -76.973495
0.000000 800.000000 800.000000 0.000000

Surface: u
38.804814 38.807825 38.805175 38.802186
-76.998592 -76.974505 -76.973495 -76.997408
800.000000 800.000000 800.000000 800.000000

Surface: l
38.807825 38.804814 38.802186 38.805175
-76.974505 -76.998592 -76.997408 -76.973495
0.000000 0.000000 0.000000 0.000000

Segment: 17
Surface: w1
38.807825 38.807825 38.805175 38.805175
-76.974505 -76.974505 -76.973495 -76.973495
0.000000 800.000000 800.000000 0.000000

Surface: w2
38.816503 38.816503 38.813831 38.813831
-76.949474 -76.949474 -76.948526 -76.948526
0.000000 800.000000 800.000000 0.000000

Surface: s1
38.816503 38.816503 38.807825 38.807825
-76.949474 -76.949474 -76.974505 -76.974505
0.000000 800.000000 800.000000 0.000000

Surface: s2
38.805175 38.805175 38.813831 38.813831
-76.973495 -76.973495 -76.948526 -76.948526
0.000000 800.000000 800.000000 0.000000

Surface: u
38.807825 38.816503 38.813831 38.805175
-76.974505 -76.949474 -76.948526 -76.973495
800.000000 800.000000 800.000000 800.000000

Surface: l
38.816503 38.807825 38.805175 38.813831
-76.949474 -76.974505 -76.973495 -76.948526
0.000000 0.000000 0.000000 0.000000

Segment: 18
Surface: w1
38.816503 38.816503 38.813831 38.813831
-76.949474 -76.949474 -76.948526 -76.948526
0.000000 800.000000 800.000000 0.000000

Surface: w2
38.819215 38.819215 38.816452 38.816452
-76.920658 -76.920658 -76.920675 -76.920675
0.000000 800.000000 800.000000 0.000000

Surface: s1
38.819215 38.819215 38.816503 38.816503
-76.920658 -76.920658 -76.949474 -76.949474
0.000000 800.000000 800.000000 0.000000

Surface: s2
38.813831 38.813831 38.816452 38.816452
-76.948526 -76.948526 -76.920675 -76.920675
0.000000 800.000000 800.000000 0.000000

Surface: u
38.816503 38.819215 38.816452 38.813831
-76.949474 -76.920658 -76.920675 -76.948526
800.000000 800.000000 800.000000 800.000000

Surface: l
38.819215 38.816503 38.813831 38.816452
-76.920658 -76.949474 -76.948526 -76.920675
0.000000 0.000000 0.000000 0.000000

Segment: 19
Surface: w1
38.819215 38.819215 38.816452 38.816452
-76.920658 -76.920658 -76.920675 -76.920675
0.000000 1000.000000 1000.000000 0.000000

Surface: w2
38.817566 38.817566 38.814767 38.814767
-76.904501 -76.904501 -76.904166 -76.904166
0.000000 1000.000000 1000.000000 0.000000

Surface: s1
38.817566 38.817566 38.819215 38.819215
-76.904501 -76.904501 -76.920658 -76.920658
0.000000 1000.000000 1000.000000 0.000000

Surface: s2
38.816452 38.816452 38.814767 38.814767
-76.920675 -76.920675 -76.904166 -76.904166
0.000000 1000.000000 1000.000000 0.000000

Surface: u
38.819215 38.817566 38.814767 38.816452
-76.920658 -76.904501 -76.904166 -76.920675
1000.000000 1000.000000 1000.000000 1000.000000

Surface: l
38.817566 38.819215 38.816452 38.814767
-76.904501 -76.920658 -76.920675 -76.904166
0.000000 0.000000 0.000000 0.000000

Segment: 20
Surface: w1
38.817566 38.817566 38.814767 38.814767
-76.904501 -76.904501 -76.904166 -76.904166
0.000000 1000.000000 1000.000000 0.000000

Surface: w2
38.821822 38.821822 38.819844 38.819844
-76.887779 -76.887779 -76.884221 -76.884221
0.000000 1000.000000 1000.000000 0.000000

Surface: s1
38.821822 38.821822 38.817566 38.817566
-76.887779 -76.887779 -76.904501 -76.904501
0.000000 1000.000000 1000.000000 0.000000

Surface: s2
38.814767 38.814767 38.819844 38.819844
-76.904166 -76.904166 -76.884221 -76.884221
0.000000 1000.000000 1000.000000 0.000000

Surface: u
38.817566 38.821822 38.819844 38.814767
-76.904501 -76.887779 -76.884221 -76.904166
1000.000000 1000.000000 1000.000000 1000.000000

Surface: l
38.821822 38.817566 38.814767 38.819844
-76.887779 -76.904501 -76.904166 -76.884221
0.000000 0.000000 0.000000 0.000000

Segment: 21
Surface: w1
38.821822 38.821822 38.819844 38.819844
-76.887779 -76.887779 -76.884221 -76.884221
0.000000 1000.000000 1000.000000 0.000000

Surface: w2
38.932292 38.932292 38.931375 38.931375
-76.889938 -76.889938 -76.886396 -76.886396
0.000000 1000.000000 1000.000000 0.000000

Surface: s1
38.932292 38.932292 38.821822 38.821822
-76.889938 -76.889938 -76.887779 -76.887779
0.000000 1000.000000 1000.000000 0.000000

Surface: s2
38.819844 38.819844 38.931375 38.931375
-76.884221 -76.884221 -76.886396 -76.886396
0.000000 1000.000000 1000.000000 0.000000

Surface: u
38.821822 38.932292 38.931375 38.819844
-76.887779 -76.889938 -76.886396 -76.884221
1000.000000 1000.000000 1000.000000 1000.000000

Surface: l
38.932292 38.821822 38.819844 38.931375
-76.889938 -76.887779 -76.884221 -76.886396
0.000000 0.000000 0.000000 0.000000

Segment: 22
Surface: w1
38.932292 38.932292 38.931375 38.931375
-76.889938 -76.889938 -76.886396 -76.886396
0.000000 1000.000000 1000.000000 0.000000

Surface: w2
38.956808 38.956808 38.956192 38.956192
-76.865588 -76.865588 -76.861745 -76.861745
0.000000 1000.000000 1000.000000 0.000000

Surface: s1
38.956808 38.956808 38.932292 38.932292
-76.865588 -76.865588 -76.889938 -76.889938
0.000000 1000.000000 1000.000000 0.000000

Surface: s2
38.931375 38.931375 38.956192 38.956192
-76.886396 -76.886396 -76.861745 -76.861745
0.000000 1000.000000 1000.000000 0.000000

Surface: u
38.932292 38.956808 38.956192 38.931375
-76.889938 -76.865588 -76.861745 -76.886396
1000.000000 1000.000000 1000.000000 1000.000000

Surface: l
38.956808 38.932292 38.931375 38.956192
-76.865588 -76.889938 -76.886396 -76.861745
0.000000 0.000000 0.000000 0.000000

Segment: 23
Surface: w1
38.956808 38.956808 38.956192 38.956192
-76.865588 -76.865588 -76.861745 -76.861745
0.000000 1000.000000 1000.000000 0.000000

Surface: w2
38.975060 38.975060 38.976273 38.976273
-76.871620 -76.871620 -76.868380 -76.868380
0.000000 1000.000000 1000.000000 0.000000

Surface: s1
38.975060 38.975060 38.956808 38.956808
-76.871620 -76.871620 -76.865588 -76.865588
0.000000 1000.000000 1000.000000 0.000000

Surface: s2
38.956192 38.956192 38.976273 38.976273
-76.861745 -76.861745 -76.868380 -76.868380
0.000000 1000.000000 1000.000000 0.000000

Surface: u
38.956808 38.975060 38.976273 38.956192
-76.865588 -76.871620 -76.868380 -76.861745
1000.000000 1000.000000 1000.000000 1000.000000

Surface: l
38.975060 38.956808 38.956192 38.976273
-76.871620 -76.865588 -76.861745 -76.868380
0.000000 0.000000 0.000000 0.000000

Segment: 24
Surface: w1
38.975060 38.975060 38.976273 38.976273
-76.871620 -76.871620 -76.868380 -76.868380
0.000000 1000.000000 1000.000000 0.000000

Surface: w2
38.991851 38.991851 38.993482 38.993482
-76.887918 -76.887918 -76.885082 -76.885082
0.000000 1000.000000 1000.000000 0.000000

Surface: s1
38.991851 38.991851 38.975060 38.975060
-76.887918 -76.887918 -76.871620 -76.871620
0.000000 1000.000000 1000.000000 0.000000

Surface: s2
38.976273 38.976273 38.993482 38.993482
-76.868380 -76.868380 -76.885082 -76.885082
0.000000 1000.000000 1000.000000 0.000000

Surface: u
38.975060 38.991851 38.993482 38.976273
-76.871620 -76.887918 -76.885082 -76.868380
1000.000000 1000.000000 1000.000000 1000.000000

Surface: l
38.991851 38.975060 38.976273 38.993482
-76.887918 -76.871620 -76.868380 -76.885082
0.000000 0.000000 0.000000 0.000000

Segment: 25
Surface: w1
38.991851 38.991851 38.993482 38.993482
-76.887918 -76.887918 -76.885082 -76.885082
0.000000 1400.000000 1400.000000 0.000000

Surface: w2
39.016791 39.016791 39.019209 39.019209
-76.911217 -76.911217 -76.909116 -76.909116
0.000000 1400.000000 1400.000000 0.000000

Surface: s1
39.016791 39.016791 38.991851 38.991851
-76.911217 -76.911217 -76.887918 -76.887918
0.000000 1400.000000 1400.000000 0.000000

Surface: s2
38.993482 38.993482 39.019209 39.019209
-76.885082 -76.885082 -76.909116 -76.909116
0.000000 1400.000000 1400.000000 0.000000

Surface: u
38.991851 39.016791 39.019209 38.993482
-76.887918 -76.911217 -76.909116 -76.885082
1400.000000 1400.000000 1400.000000 1400.000000

Surface: l
39.016791 38.991851 38.993482 39.019209
-76.911217 -76.887918 -76.885082 -76.909116
0.000000 0.000000 0.000000 0.000000

Segment: 26
Surface: w1
39.016791 39.016791 39.019209 39.019209
-76.911217 -76.911217 -76.909116 -76.909116
0.000000 1400.000000 1400.000000 0.000000

Surface: w2
39.022596 39.022596 39.025404 39.025404
-76.941211 -76.941211 -76.941122 -76.941122
0.000000 1400.000000 1400.000000 0.000000

Surface: s1
39.022596 39.022596 39.016791 39.016791
-76.941211 -76.941211 -76.911217 -76.911217
0.000000 1400.000000 1400.000000 0.000000

Surface: s2
39.019209 39.019209 39.025404 39.025404
-76.909116 -76.909116 -76.941122 -76.941122
0.000000 1400.000000 1400.000000 0.000000

Surface: u
39.016791 39.022596 39.025404 39.019209
-76.911217 -76.941211 -76.941122 -76.909116
1400.000000 1400.000000 1400.000000 1400.000000

Surface: l
39.022596 39.016791 39.019209 39.025404
-76.941211 -76.911217 -76.909116 -76.941122
0.000000 0.000000 0.000000 0.000000

Segment: 27
Surface: w1
39.022596 39.022596 39.025404 39.025404
-76.941211 -76.941211 -76.941122 -76.941122
0.000000 1400.000000 1400.000000 0.000000

Surface: w2
39.018440 39.018440 39.021227 39.021227
-76.968310 -76.968310 -76.968356 -76.968356
0.000000 1400.000000 1400.000000 0.000000

Surface: s1
39.018440 39.018440 39.022596 39.022596
-76.968310 -76.968310 -76.941211 -76.941211
0.000000 1400.000000 1400.000000 0.000000

Surface: s2
39.025404 39.025404 39.021227 39.021227
-76.941122 -76.941122 -76.968356 -76.968356
0.000000 1400.000000 1400.000000 0.000000

Surface: u
39.022596 39.018440 39.021227 39.025404
-76.941211 -76.968310 -76.968356 -76.941122
1400.000000 1400.000000 1400.000000 1400.000000

Surface: l
39.018440 39.022596 39.025404 39.021227
-76.968310 -76.941211 -76.941122 -76.968356
0.000000 0.000000 0.000000 0.000000

Segment: 28
Surface: w1
39.018440 39.018440 39.021227 39.021227
-76.968310 -76.968310 -76.968356 -76.968356
0.000000 1400.000000 1400.000000 0.000000

Surface: w2
39.020266 39.020266 39.023068 39.023068
-76.982087 -76.982087 -76.982246 -76.982246
0.000000 1400.000000 1400.000000 0.000000

Surface: s1
39.020266 39.020266 39.018440 39.018440
-76.982087 -76.982087 -76.968310 -76.968310
0.000000 1400.000000 1400.000000 0.000000

Surface: s2
39.021227 39.021227 39.023068 39.023068
-76.968356 -76.968356 -76.982246 -76.982246
0.000000 1400.000000 1400.000000 0.000000

Surface: u
39.018440 39.020266 39.023068 39.021227
-76.968310 -76.982087 -76.982246 -76.968356
1400.000000 1400.000000 1400.000000 1400.000000

Surface: l
39.020266 39.018440 39.021227 39.023068
-76.982087 -76.968310 -76.968356 -76.982246
0.000000 0.000000 0.000000 0.000000

Segment: 29
Surface: w1
39.020266 39.020266 39.023068 39.023068
-76.982087 -76.982087 -76.982246 -76.982246
0.000000 1400.000000 1400.000000 0.000000

Surface: w2
39.015621 39.015621 39.018379 39.018379
-77.004812 -77.004812 -77.005188 -77.005188
0.000000 1400.000000 1400.000000 0.000000

Surface: s1
39.015621 39.015621 39.020266 39.020266
-77.004812 -77.004812 -76.982087 -76.982087
0.000000 1400.000000 1400.000000 0.000000

Surface: s2
39.023068 39.023068 39.018379 39.018379
-76.982246 -76.982246 -77.005188 -77.005188
0.000000 1400.000000 1400.000000 0.000000

Surface: u
39.020266 39.015621 39.018379 39.023068
-76.982087 -77.004812 -77.005188 -76.982246
1400.000000 1400.000000 1400.000000 1400.000000

Surface: l
39.015621 39.020266 39.023068 39.018379
-77.004812 -76.982087 -76.982246 -77.005188
0.000000 0.000000 0.000000 0.000000

Segment: 30
Surface: w1
39.015621 39.015621 39.018379 39.018379
-77.004812 -77.004812 -77.005188 -77.005188
0.000000 1400.000000 1400.000000 0.000000

Surface: w2
39.016453 39.016453 39.019214 39.019214
-77.027934 -77.027934 -77.028399 -77.028399
0.000000 1400.000000 1400.000000 0.000000

Surface: s1
39.016453 39.016453 39.015621 39.015621
-77.027934 -77.027934 -77.004812 -77.004812
0.000000 1400.000000 1400.000000 0.000000

Surface: s2
39.018379 39.018379 39.019214 39.019214
-77.005188 -77.005188 -77.028399 -77.028399
0.000000 1400.000000 1400.000000 0.000000

Surface: u
39.015621 39.016453 39.019214 39.018379
-77.004812 -77.027934 -77.028399 -77.005188
1400.000000 1400.000000 1400.000000 1400.000000

Surface: l
39.016453 39.015621 39.018379 39.019214
-77.027934 -77.004812 -77.005188 -77.028399
0.000000 0.000000 0.000000 0.000000

Segment: 31
Surface: w1
39.016453 39.016453 39.019214 39.019214
-77.027934 -77.027934 -77.028399 -77.028399
0.000000 1400.000000 1400.000000 0.000000

Surface: w2
39.013961 39.013961 39.016706 39.016706
-77.038069 -77.038069 -77.038598 -77.038598
0.000000 1400.000000 1400.000000 0.000000

Surface: s1
39.013961 39.013961 39.016453 39.016453
-77.038069 -77.038069 -77.027934 -77.027934
0.000000 1400.000000 1400.000000 0.000000

Surface: s2
39.019214 39.019214 39.016706 39.016706
-77.028399 -77.028399 -77.038598 -77.038598
0.000000 1400.000000 1400.000000 0.000000

Surface: u
39.016453 39.013961 39.016706 39.019214
-77.027934 -77.038069 -77.038598 -77.028399
1400.000000 1400.000000 1400.000000 1400.000000

Surface: l
39.013961 39.016453 39.019214 39.016706
-77.038069 -77.027934 -77.028399 -77.038598
0.000000 0.000000 0.000000 0.000000

Segment: 32
Surface: w1
39.013961 39.013961 39.016706 39.016706
-77.038069 -77.038069 -77.038598 -77.038598
0.000000 1400.000000 1400.000000 0.000000

Surface: w2
39.014123 39.014123 39.016877 39.016877
-77.060523 -77.060523 -77.062144 -77.062144
0.000000 1400.000000 1400.000000 0.000000

Surface: s1
39.014123 39.014123 39.013961 39.013961
-77.060523 -77.060523 -77.038069 -77.038069
0.000000 1400.000000 1400.000000 0.000000

Surface: s2
39.016706 39.016706 39.016877 39.016877
-77.038598 -77.038598 -77.062144 -77.062144
0.000000 1400.000000 1400.000000 0.000000

Surface: u
39.013961 39.014123 39.016877 39.016706
-77.038069 -77.060523 -77.062144 -77.038598
1400.000000 1400.000000 1400.000000 1400.000000

Surface: l
39.014123 39.013961 39.016706 39.016877
-77.060523 -77.038069 -77.038598 -77.062144
0.000000 0.000000 0.000000 0.000000

Segment: 33
Surface: w1
39.014123 39.014123 39.016877 39.016877
-77.060523 -77.060523 -77.062144 -77.062144
0.000000 1400.000000 1400.000000 0.000000

Surface: w2
39.006921 39.006921 39.009412 39.009412
-77.068380 -77.068380 -77.070287 -77.070287
0.000000 1400.000000 1400.000000 0.000000

Surface: s1
39.006921 39.006921 39.014123 39.014123
-77.068380 -77.068380 -77.060523 -77.060523
0.000000 1400.000000 1400.000000 0.000000

Surface: s2
39.016877 39.016877 39.009412 39.009412
-77.062144 -77.062144 -77.070287 -77.070287
0.000000 1400.000000 1400.000000 0.000000

Surface: u
39.014123 39.006921 39.009412 39.016877
-77.060523 -77.068380 -77.070287 -77.062144
1400.000000 1400.000000 1400.000000 1400.000000

Surface: l
39.006921 39.014123 39.016877 39.009412
-77.068380 -77.060523 -77.062144 -77.070287
0.000000 0.000000 0.000000 0.000000

Segment: 34
Surface: w1
39.006921 39.006921 39.009412 39.009412
-77.068380 -77.068380 -77.070287 -77.070287
0.000000 1400.000000 1400.000000 0.000000

Surface: w2
39.004864 39.004864 39.007803 39.007803
-77.081096 -77.081096 -77.080238 -77.080238
0.000000 1400.000000 1400.000000 0.000000

Surface: s1
39.004864 39.004864 39.006921 39.006921
-77.081096 -77.081096 -77.068380 -77.068380
0.000000 1400.000000 1400.000000 0.000000

Surface: s2
39.009412 39.009412 39.007803 39.007803
-77.070287 -77.070287 -77.080238 -77.080238
0.000000 1400.000000 1400.000000 0.000000

Surface: u
39.006921 39.004864 39.007803 39.009412
-77.068380 -77.081096 -77.080238 -77.070287
1400.000000 1400.000000 1400.000000 1400.000000

Surface: l
39.004864 39.006921 39.009412 39.007803
-77.081096 -77.068380 -77.070287 -77.080238
0.000000 0.000000 0.000000 0.000000

Segment: 35
Surface: w1
39.004864 39.004864 39.007803 39.007803
-77.081096 -77.081096 -77.080238 -77.080238
0.000000 1400.000000 1400.000000 0.000000

Surface: w2
39.017655 39.017655 39.020679 39.020679
-77.102690 -77.102690 -77.101976 -77.101976
0.000000 1400.000000 1400.000000 0.000000

Surface: s1
39.017655 39.017655 39.004864 39.004864
-77.102690 -77.102690 -77.081096 -77.081096
0.000000 1400.000000 1400.000000 0.000000

Surface: s2
39.007803 39.007803 39.020679 39.020679
-77.080238 -77.080238 -77.101976 -77.101976
0.000000 1400.000000 1400.000000 0.000000

Surface: u
39.004864 39.017655 39.020679 39.007803
-77.081096 -77.102690 -77.101976 -77.080238
1400.000000 1400.000000 1400.000000 1400.000000

Surface: l
39.017655 39.004864 39.007803 39.020679
-77.102690 -77.081096 -77.080238 -77.101976
0.000000 0.000000 0.000000 0.000000

Segment: 36
Surface: w1
39.017655 39.017655 39.020679 39.020679
-77.102690 -77.102690 -77.101976 -77.101976
0.000000 1400.000000 1400.000000 0.000000

Surface: w2
39.015822 39.015822 39.018511 39.018511
-77.110631 -77.110631 -77.111369 -77.111369
0.000000 1400.000000 1400.000000 0.000000

Surface: s1
39.015822 39.015822 39.017655 39.017655
-77.110631 -77.110631 -77.102690 -77.102690
0.000000 1400.000000 1400.000000 0.000000

Surface: s2
39.020679 39.020679 39.018511 39.018511
-77.101976 -77.101976 -77.111369 -77.111369
0.000000 1400.000000 1400.000000 0.000000

Surface: u
39.017655 39.015822 39.018511 39.020679
-77.102690 -77.110631 -77.111369 -77.101976
1400.000000 1400.000000 1400.000000 1400.000000

Surface: l
39.015822 39.017655 39.020679 39.018511
-77.110631 -77.102690 -77.101976 -77.111369
0.000000 0.000000 0.000000 0.000000

Segment: 37
Surface: w1
39.015822 39.015822 39.018511 39.018511
-77.110631 -77.110631 -77.111369 -77.111369
0.000000 1400.000000 1400.000000 0.000000

Surface: w2
39.011904 39.011904 39.014429 39.014429
-77.148666 -77.148666 -77.151001 -77.151001
0.000000 1400.000000 1400.000000 0.000000

Surface: s1
39.011904 39.011904 39.015822 39.015822
-77.148666 -77.148666 -77.110631 -77.110631
0.000000 1400.000000 1400.000000 0.000000

Surface: s2
39.018511 39.018511 39.014429 39.014429
-77.111369 -77.111369 -77.151001 -77.151001
0.000000 1400.000000 1400.000000 0.000000

Surface: u
39.015822 39.011904 39.014429 39.018511
-77.110631 -77.148666 -77.151001 -77.111369
1400.000000 1400.000000 1400.000000 1400.000000

Surface: l
39.011904 39.015822 39.018511 39.014429
-77.148666 -77.110631 -77.111369 -77.151001
0.000000 0.000000 0.000000 0.000000

Segment: 38
Surface: w1
39.011904 39.011904 39.014429 39.014429
-77.148666 -77.148666 -77.151001 -77.151001
0.000000 1400.000000 1400.000000 0.000000

Surface: w2
39.000194 39.000194 39.000806 39.000806
-77.156062 -77.156062 -77.159605 -77.159605
0.000000 1400.000000 1400.000000 0.000000

Surface: s1
39.000194 39.000194 39.011904 39.011904
-77.156062 -77.156062 -77.148666 -77.148666
0.000000 1400.000000 1400.000000 0.000000

Surface: s2
39.014429 39.014429 39.000806 39.000806
-77.151001 -77.151001 -77.159605 -77.159605
0.000000 1400.000000 1400.000000 0.000000

Surface: u
39.011904 39.000194 39.000806 39.014429
-77.148666 -77.156062 -77.159605 -77.151001
1400.000000 1400.000000 1400.000000 1400.000000

Surface: l
39.000194 39.011904 39.014429 39.000806
-77.156062 -77.148666 -77.151001 -77.159605
0.000000 0.000000 0.000000 0.000000

Segment: 39
Surface: w1
39.000194 39.000194 39.000806 39.000806
-77.156062 -77.156062 -77.159605 -77.159605
0.000000 1400.000000 1400.000000 0.000000

Surface: w2
38.986055 38.986055 38.987945 38.987945
-77.155713 -77.155713 -77.159287 -77.159287
0.000000 1400.000000 1400.000000 0.000000

Surface: s1
38.986055 38.986055 39.000194 39.000194
-77.155713 -77.155713 -77.156062 -77.156062
0.000000 1400.000000 1400.000000 0.000000

Surface: s2
39.000806 39.000806 38.987945 38.987945
-77.159605 -77.159605 -77.159287 -77.159287
0.000000 1400.000000 1400.000000 0.000000

Surface: u
39.000194 38.986055 38.987945 39.000806
-77.156062 -77.155713 -77.159287 -77.159605
1400.000000 1400.000000 1400.000000 1400.000000

Surface: l
38.986055 39.000194 39.000806 38.987945
-77.155713 -77.156062 -77.159605 -77.159287
0.000000 0.000000 0.000000 0.000000

Segment: 40
Surface: w1
38.986055 38.986055 38.987945 38.987945
-77.155713 -77.155713 -77.159287 -77.159287
0.000000 1400.000000 1400.000000 0.000000

Surface: w2
38.980785 38.980785 38.982882 38.982882
-77.173903 -77.173903 -77.176764 -77.176764
0.000000 1400.000000 1400.000000 0.000000

Surface: s1
38.980785 38.980785 38.986055 38.986055
-77.173903 -77.173903 -77.155713 -77.155713
0.000000 1400.000000 1400.000000 0.000000

Surface: s2
38.987945 38.987945 38.982882 38.982882
-77.159287 -77.159287 -77.176764 -77.176764
0.000000 1400.000000 1400.000000 0.000000

Surface: u
38.986055 38.980785 38.982882 38.987945
-77.155713 -77.173903 -77.176764 -77.159287
1400.000000 1400.000000 1400.000000 1400.000000

Surface: l
38.980785 38.986055 38.987945 38.982882
-77.173903 -77.155713 -77.159287 -77.176764
0.000000 0.000000 0.000000 0.000000

Segment: 41
Surface: w1
38.980785 38.980785 38.982882 38.982882
-77.173903 -77.173903 -77.176764 -77.176764
0.000000 1400.000000 1400.000000 0.000000

Surface: w2
38.968765 38.968765 38.969569 38.969569
-77.178648 -77.178648 -77.182019 -77.182019
0.000000 1400.000000 1400.000000 0.000000

Surface: s1
38.968765 38.968765 38.980785 38.980785
-77.178648 -77.178648 -77.173903 -77.173903
0.000000 1400.000000 1400.000000 0.000000

Surface: s2
38.982882 38.982882 38.969569 38.969569
-77.176764 -77.176764 -77.182019 -77.182019
0.000000 1400.000000 1400.000000 0.000000

Surface: u
38.980785 38.968765 38.969569 38.982882
-77.173903 -77.178648 -77.182019 -77.176764
1400.000000 1400.000000 1400.000000 1400.000000

Surface: l
38.968765 38.980785 38.982882 38.969569
-77.178648 -77.173903 -77.176764 -77.182019
0.000000 0.000000 0.000000 0.000000

Identifier: HeliC5
Segment: 1
Surface: w1
38.791681 38.791681 38.789985 38.789985
-77.176715 -77.176715 -77.173952 -77.173952
0.000000 1400.000000 1400.000000 0.000000

Surface: w2
38.807073 38.807073 38.804927 38.804927
-77.161154 -77.161154 -77.158846 -77.158846
0.000000 1400.000000 1400.000000 0.000000

Surface: s1
38.807073 38.807073 38.791681 38.791681
-77.161154 -77.161154 -77.176715 -77.176715
0.000000 1400.000000 1400.000000 0.000000

Surface: s2
38.789985 38.789985 38.804927 38.804927
-77.173952 -77.173952 -77.158846 -77.158846
0.000000 1400.000000 1400.000000 0.000000

Surface: u
38.791681 38.807073 38.804927 38.789985
-77.176715 -77.161154 -77.158846 -77.173952
1400.000000 1400.000000 1400.000000 1400.000000

Surface: l
38.807073 38.791681 38.789985 38.804927
-77.161154 -77.176715 -77.173952 -77.158846
0.000000 0.000000 0.000000 0.000000

Segment: 2
Surface: w1
38.807073 38.807073 38.804927 38.804927
-77.161154 -77.161154 -77.158846 -77.158846
0.000000 1400.000000 1400.000000 0.000000

Surface: w2
38.815971 38.815971 38.813695 38.813695
-77.139832 -77.139832 -77.137835 -77.137835
0.000000 1400.000000 1400.000000 0.000000

Surface: s1
38.815971 38.815971 38.807073 38.807073
-77.139832 -77.139832 -77.161154 -77.161154
0.000000 1400.000000 1400.000000 0.000000

Surface: s2
38.804927 38.804927 38.813695 38.813695
-77.158846 -77.158846 -77.137835 -77.137835
0.000000 1400.000000 1400.000000 0.000000

Surface: u
38.807073 38.815971 38.813695 38.804927
-77.161154 -77.139832 -77.137835 -77.158846
1400.000000 1400.000000 1400.000000 1400.000000

Surface: l
38.815971 38.807073 38.804927 38.813695
-77.139832 -77.161154 -77.158846 -77.137835
0.000000 0.000000 0.000000 0.000000

Segment: 3
Surface: w1
38.815971 38.815971 38.813695 38.813695
-77.139832 -77.139832 -77.137835 -77.137835
0.000000 1400.000000 1400.000000 0.000000

Surface: w2
38.824988 38.824988 38.822679 38.822679
-77.126308 -77.126308 -77.124359 -77.124359
0.000000 1400.000000 1400.000000 0.000000

Surface: s1
38.824988 38.824988 38.815971 38.815971
-77.126308 -77.126308 -77.139832 -77.139832
0.000000 1400.000000 1400.000000 0.000000

Surface: s2
38.813695 38.813695 38.822679 38.822679
-77.137835 -77.137835 -77.124359 -77.124359
0.000000 1400.000000 1400.000000 0.000000

Surface: u
38.815971 38.824988 38.822679 38.813695
-77.139832 -77.126308 -77.124359 -77.137835
1400.000000 1400.000000 1400.000000 1400.000000

Surface: l
38.824988 38.815971 38.813695 38.822679
-77.126308 -77.139832 -77.137835 -77.124359
0.000000 0.000000 0.000000 0.000000

Segment: 4
Surface: w1
38.824988 38.824988 38.822679 38.822679
-77.126308 -77.126308 -77.124359 -77.124359
0.000000 1400.000000 1400.000000 0.000000

Surface: w2
38.839407 38.839407 38.837260 38.837260
-77.088519 -77.088519 -77.086147 -77.086147
0.000000 1400.000000 1400.000000 0.000000

Surface: s1
38.839407 38.839407 38.824988 38.824988
-77.088519 -77.088519 -77.126308 -77.126308
0.000000 1400.000000 1400.000000 0.000000

Surface: s2
38.822679 38.822679 38.837260 38.837260
-77.124359 -77.124359 -77.086147 -77.086147
0.000000 1400.000000 1400.000000 0.000000

Surface: u
38.824988 38.839407 38.837260 38.822679
-77.126308 -77.088519 -77.086147 -77.124359
1400.000000 1400.000000 1400.000000 1400.000000

Surface: l
38.839407 38.824988 38.822679 38.837260
-77.088519 -77.126308 -77.124359 -77.086147
0.000000 0.000000 0.000000 0.000000

Segment: 5
Surface: w1
38.839407 38.839407 38.837260 38.837260
-77.088519 -77.088519 -77.086147 -77.086147
0.000000 400.000000 400.000000 0.000000

Surface: w2
38.846545 38.846545 38.845122 38.845122
-77.082175 -77.082175 -77.079159 -77.079159
0.000000 400.000000 400.000000 0.000000

Surface: s1
38.846545 38.846545 38.839407 38.839407
-77.082175 -77.082175 -77.088519 -77.088519
0.000000 400.000000 400.000000 0.000000

Surface: s2
38.837260 38.837260 38.845122 38.845122
-77.086147 -77.086147 -77.079159 -77.079159
0.000000 400.000000 400.000000 0.000000

Surface: u
38.839407 38.846545 38.845122 38.837260
-77.088519 -77.082175 -77.079159 -77.086147
400.000000 400.000000 400.000000 400.000000

Surface: l
38.846545 38.839407 38.837260 38.845122
-77.082175 -77.088519 -77.086147 -77.079159
0.000000 0.000000 0.000000 0.000000

Segment: 6
Surface: w1
38.846545 38.846545 38.845122 38.845122
-77.082175 -77.082175 -77.079159 -77.079159
0.000000 400.000000 400.000000 0.000000

Surface: w2
38.867970 38.867970 38.866696 38.866696
-77.067725 -77.067725 -77.064608 -77.064608
0.000000 400.000000 400.000000 0.000000

Surface: s1
38.867970 38.867970 38.846545 38.846545
-77.067725 -77.067725 -77.082175 -77.082175
0.000000 400.000000 400.000000 0.000000

Surface: s2
38.845122 38.845122 38.866696 38.866696
-77.079159 -77.079159 -77.064608 -77.064608
0.000000 400.000000 400.000000 0.000000

Surface: u
38.846545 38.867970 38.866696 38.845122
-77.082175 -77.067725 -77.064608 -77.079159
400.000000 400.000000 400.000000 400.000000

Surface: l
38.867970 38.846545 38.845122 38.866696
-77.067725 -77.082175 -77.079159 -77.064608
0.000000 0.000000 0.000000 0.000000

Identifier: HeliC6
Segment: 1
Surface: w1
38.846870 38.846870 38.844130 38.844130
-77.119696 -77.119696 -77.119638 -77.119638
1400.000000 1600.000000 1600.000000 1400.000000

Surface: w2
38.847369 38.847369 38.844631 38.844631
-77.080278 -77.080278 -77.080055 -77.080055
1400.000000 1600.000000 1600.000000 1400.000000

Surface: s1
38.847369 38.847369 38.846870 38.846870
-77.080278 -77.080278 -77.119696 -77.119696
1400.000000 1600.000000 1600.000000 1400.000000

Surface: s2
38.844130 38.844130 38.844631 38.844631
-77.119638 -77.119638 -77.080055 -77.080055
1400.000000 1600.000000 1600.000000 1400.000000

Surface: u
38.846870 38.847369 38.844631 38.844130
-77.119696 -77.080278 -77.080055 -77.119638
1600.000000 1600.000000 1600.000000 1600.000000

Surface: l
38.847369 38.846870 38.844130 38.844631
-77.080278 -77.119696 -77.119638 -77.080055
1400.000000 1400.000000 1400.000000 1400.000000

Segment: 2
Surface: w1
38.847369 38.847369 38.844631 38.844631
-77.080278 -77.080278 -77.080055 -77.080055
1400.000000 1600.000000 1600.000000 1400.000000

Surface: w2
38.851374 38.851374 38.848626 38.848626
-77.033721 -77.033721 -77.033613 -77.033613
1400.000000 1600.000000 1600.000000 1400.000000

Surface: s1
38.851374 38.851374 38.847369 38.847369
-77.033721 -77.033721 -77.080278 -77.080278
1400.000000 1600.000000 1600.000000 1400.000000

Surface: s2
38.844631 38.844631 38.848626 38.848626
-77.080055 -77.080055 -77.033613 -77.033613
1400.000000 1600.000000 1600.000000 1400.000000

Surface: u
38.847369 38.851374 38.848626 38.844631
-77.080278 -77.033721 -77.033613 -77.080055
1600.000000 1600.000000 1600.000000 1600.000000

Surface: l
38.851374 38.847369 38.844631 38.848626
-77.033721 -77.080278 -77.080055 -77.033613
1400.000000 1400.000000 1400.000000 1400.000000

Segment: 3
Surface: w1
38.851374 38.851374 38.848626 38.848626
-77.033721 -77.033721 -77.033613 -77.033613
1400.000000 1600.000000 1600.000000 1400.000000

Surface: w2
38.850690 38.850690 38.847977 38.847977
-77.015924 -77.015924 -77.016742 -77.016742
1400.000000 1600.000000 1600.000000 1400.000000

Surface: s1
38.850690 38.850690 38.851374 38.851374
-77.015924 -77.015924 -77.033721 -77.033721
1400.000000 1600.000000 1600.000000 1400.000000

Surface: s2
38.848626 38.848626 38.847977 38.847977
-77.033613 -77.033613 -77.016742 -77.016742
1400.000000 1600.000000 1600.000000 1400.000000

Surface: u
38.851374 38.850690 38.847977 38.848626
-77.033721 -77.015924 -77.016742 -77.033613
1600.000000 1600.000000 1600.000000 1600.000000

Surface: l
38.850690 38.851374 38.848626 38.847977
-77.015924 -77.033721 -77.033613 -77.016742
1400.000000 1400.000000 1400.000000 1400.000000

Segment: 4
Surface: w1
38.850690 38.850690 38.847977 38.847977
-77.015924 -77.015924 -77.016742 -77.016742
0.000000 1400.000000 1400.000000 0.000000

Surface: w2
38.818089 38.818089 38.815577 38.815577
-76.920296 -76.920296 -76.921704 -76.921704
0.000000 1400.000000 1400.000000 0.000000

Surface: s1
38.818089 38.818089 38.850690 38.850690
-76.920296 -76.920296 -77.015924 -77.015924
0.000000 1400.000000 1400.000000 0.000000

Surface: s2
38.847977 38.847977 38.815577 38.815577
-77.016742 -77.016742 -76.921704 -76.921704
0.000000 1400.000000 1400.000000 0.000000

Surface: u
38.850690 38.818089 38.815577 38.847977
-77.015924 -76.920296 -76.921704 -77.016742
1400.000000 1400.000000 1400.000000 1400.000000

Surface: l
38.818089 38.850690 38.847977 38.815577
-76.920296 -77.015924 -77.016742 -76.921704
0.000000 0.000000 0.000000 0.000000

Identifier: HeliC7
Segment: 1
Surface: w1
38.910919 38.910919 38.908748 38.908748
-77.216758 -77.216758 -77.218908 -77.218908
0.000000 1400.000000 1400.000000 0.000000

Surface: w2
38.874745 38.874745 38.872922 38.872922
-77.156469 -77.156469 -77.159198 -77.159198
0.000000 1400.000000 1400.000000 0.000000

Surface: s1
38.874745 38.874745 38.910919 38.910919
-77.156469 -77.156469 -77.216758 -77.216758
0.000000 1400.000000 1400.000000 0.000000

Surface: s2
38.908748 38.908748 38.872922 38.872922
-77.218908 -77.218908 -77.159198 -77.159198
0.000000 1400.000000 1400.000000 0.000000

Surface: u
38.910919 38.874745 38.872922 38.908748
-77.216758 -77.156469 -77.159198 -77.218908
1400.000000 1400.000000 1400.000000 1400.000000

Surface: l
38.874745 38.910919 38.908748 38.872922
-77.156469 -77.216758 -77.218908 -77.159198
0.000000 0.000000 0.000000 0.000000

Segment: 2
Surface: w1
38.874745 38.874745 38.872922 38.872922
-77.156469 -77.156469 -77.159198 -77.159198
0.000000 1400.000000 1400.000000 0.000000

Surface: w2
38.862777 38.862777 38.860890 38.860890
-77.147992 -77.147992 -77.150675 -77.150675
0.000000 1400.000000 1400.000000 0.000000

Surface: s1
38.862777 38.862777 38.874745 38.874745
-77.147992 -77.147992 -77.156469 -77.156469
0.000000 1400.000000 1400.000000 0.000000

Surface: s2
38.872922 38.872922 38.860890 38.860890
-77.159198 -77.159198 -77.150675 -77.150675
0.000000 1400.000000 1400.000000 0.000000

Surface: u
38.874745 38.862777 38.860890 38.872922
-77.156469 -77.147992 -77.150675 -77.159198
1400.000000 1400.000000 1400.000000 1400.000000

Surface: l
38.862777 38.874745 38.872922 38.860890
-77.147992 -77.156469 -77.159198 -77.150675
0.000000 0.000000 0.000000 0.000000

Segment: 3
Surface: w1
38.862777 38.862777 38.860890 38.860890
-77.147992 -77.147992 -77.150675 -77.150675
0.000000 1400.000000 1400.000000 0.000000

Surface: w2
38.846960 38.846960 38.844706 38.844706
-77.118665 -77.118665 -77.120668 -77.120668
0.000000 1400.000000 1400.000000 0.000000

Surface: s1
38.846960 38.846960 38.862777 38.862777
-77.118665 -77.118665 -77.147992 -77.147992
0.000000 1400.000000 1400.000000 0.000000

Surface: s2
38.860890 38.860890 38.844706 38.844706
-77.150675 -77.150675 -77.120668 -77.120668
0.000000 1400.000000 1400.000000 0.000000

Surface: u
38.862777 38.846960 38.844706 38.860890
-77.147992 -77.118665 -77.120668 -77.150675
1400.000000 1400.000000 1400.000000 1400.000000

Surface: l
38.846960 38.862777 38.860890 38.844706
-77.118665 -77.147992 -77.150675 -77.120668
0.000000 0.000000 0.000000 0.000000

Identifier: HeliC8
Segment: 1
Surface: w1
38.818550 38.818550 38.817117 38.817117
-76.918667 -76.918667 -76.921666 -76.921666
0.000000 1000.000000 1000.000000 0.000000

Surface: w2
38.793184 38.793184 38.792483 38.792483
-76.898713 -76.898713 -76.902287 -76.902287
0.000000 1000.000000 1000.000000 0.000000

Surface: s1
38.793184 38.793184 38.818550 38.818550
-76.898713 -76.898713 -76.918667 -76.918667
0.000000 1000.000000 1000.000000 0.000000

Surface: s2
38.817117 38.817117 38.792483 38.792483
-76.921666 -76.921666 -76.902287 -76.902287
0.000000 1000.000000 1000.000000 0.000000

Surface: u
38.818550 38.793184 38.792483 38.817117
-76.918667 -76.898713 -76.902287 -76.921666
1000.000000 1000.000000 1000.000000 1000.000000

Surface: l
38.793184 38.818550 38.817117 38.792483
-76.898713 -76.918667 -76.921666 -76.902287
0.000000 0.000000 0.000000 0.000000

Segment: 2
Surface: w1
38.793184 38.793184 38.792483 38.792483
-76.898713 -76.898713 -76.902287 -76.902287
0.000000 1000.000000 1000.000000 0.000000

Surface: w2
38.772284 38.772284 38.772050 38.772050
-76.900231 -76.900231 -76.903769 -76.903769
0.000000 1000.000000 1000.000000 0.000000

Surface: s1
38.772284 38.772284 38.793184 38.793184
-76.900231 -76.900231 -76.898713 -76.898713
0.000000 1000.000000 1000.000000 0.000000

Surface: s2
38.792483 38.792483 38.772050 38.772050
-76.902287 -76.902287 -76.903769 -76.903769
0.000000 1000.000000 1000.000000 0.000000

Surface: u
38.793184 38.772284 38.772050 38.792483
-76.898713 -76.900231 -76.903769 -76.902287
1000.000000 1000.000000 1000.000000 1000.000000

Surface: l
38.772284 38.793184 38.792483 38.772050
-76.900231 -76.898713 -76.902287 -76.903769
0.000000 0.000000 0.000000 0.000000

Segment: 3
Surface: w1
38.772284 38.772284 38.772050 38.772050
-76.900231 -76.900231 -76.903769 -76.903769
0.000000 1000.000000 1000.000000 0.000000

Surface: w2
38.753525 38.753525 38.753475 38.753475
-76.894704 -76.894704 -76.898296 -76.898296
0.000000 1000.000000 1000.000000 0.000000

Surface: s1
38.753525 38.753525 38.772284 38.772284
-76.894704 -76.894704 -76.900231 -76.900231
0.000000 1000.000000 1000.000000 0.000000

Surface: s2
38.772050 38.772050 38.753475 38.753475
-76.903769 -76.903769 -76.898296 -76.898296
0.000000 1000.000000 1000.000000 0.000000

Surface: u
38.772284 38.753525 38.753475 38.772050
-76.900231 -76.894704 -76.898296 -76.903769
1000.000000 1000.000000 1000.000000 1000.000000

Surface: l
38.753525 38.772284 38.772050 38.753475
-76.894704 -76.900231 -76.903769 -76.898296
0.000000 0.000000 0.000000 0.000000

Segment: 4
Surface: w1
38.753525 38.753525 38.753475 38.753475
-76.894704 -76.894704 -76.898296 -76.898296
0.000000 1000.000000 1000.000000 0.000000

Surface: w2
38.743250 38.743250 38.743417 38.743417
-76.897231 -76.897231 -76.900769 -76.900769
0.000000 1000.000000 1000.000000 0.000000

Surface: s1
38.743250 38.743250 38.753525 38.753525
-76.897231 -76.897231 -76.894704 -76.894704
0.000000 1000.000000 1000.000000 0.000000

Surface: s2
38.753475 38.753475 38.743417 38.743417
-76.898296 -76.898296 -76.900769 -76.900769
0.000000 1000.000000 1000.000000 0.000000

Surface: u
38.753525 38.743250 38.743417 38.753475
-76.894704 -76.897231 -76.900769 -76.898296
1000.000000 1000.000000 1000.000000 1000.000000

Surface: l
38.743250 38.753525 38.753475 38.743417
-76.897231 -76.894704 -76.898296 -76.900769
0.000000 0.000000 0.000000 0.000000

Segment: 5
Surface: w1
38.743250 38.743250 38.743417 38.743417
-76.897231 -76.897231 -76.900769 -76.900769
0.000000 1000.000000 1000.000000 0.000000

Surface: w2
38.724895 38.724895 38.724105 38.724105
-76.895607 -76.895607 -76.899059 -76.899059
0.000000 1000.000000 1000.000000 0.000000

Surface: s1
38.724895 38.724895 38.743250 38.743250
-76.895607 -76.895607 -76.897231 -76.897231
0.000000 1000.000000 1000.000000 0.000000

Surface: s2
38.743417 38.743417 38.724105 38.724105
-76.900769 -76.900769 -76.899059 -76.899059
0.000000 1000.000000 1000.000000 0.000000

Surface: u
38.743250 38.724895 38.724105 38.743417
-76.897231 -76.895607 -76.899059 -76.900769
1000.000000 1000.000000 1000.000000 1000.000000

Surface: l
38.724895 38.743250 38.743417 38.724105
-76.895607 -76.897231 -76.900769 -76.899059
0.000000 0.000000 0.000000 0.000000

Segment: 6
Surface: w1
38.724895 38.724895 38.724105 38.724105
-76.895607 -76.895607 -76.899059 -76.899059
0.000000 1000.000000 1000.000000 0.000000

Surface: w2
38.709945 38.709945 38.708722 38.708722
-76.885093 -76.885093 -76.888240 -76.888240
0.000000 1000.000000 1000.000000 0.000000

Surface: s1
38.709945 38.709945 38.724895 38.724895
-76.885093 -76.885093 -76.895607 -76.895607
0.000000 1000.000000 1000.000000 0.000000

Surface: s2
38.724105 38.724105 38.708722 38.708722
-76.899059 -76.899059 -76.888240 -76.888240
0.000000 1000.000000 1000.000000 0.000000

Surface: u
38.724895 38.709945 38.708722 38.724105
-76.895607 -76.885093 -76.888240 -76.899059
1000.000000 1000.000000 1000.000000 1000.000000

Surface: l
38.709945 38.724895 38.724105 38.708722
-76.885093 -76.895607 -76.899059 -76.888240
0.000000 0.000000 0.000000 0.000000

Segment: 7
Surface: w1
38.709945 38.709945 38.708722 38.708722
-76.885093 -76.885093 -76.888240 -76.888240
0.000000 1000.000000 1000.000000 0.000000

Surface: w2
38.704661 38.704661 38.703006 38.703006
-76.882051 -76.882051 -76.884949 -76.884949
0.000000 1000.000000 1000.000000 0.000000

Surface: s1
38.704661 38.704661 38.709945 38.709945
-76.882051 -76.882051 -76.885093 -76.885093
0.000000 1000.000000 1000.000000 0.000000

Surface: s2
38.708722 38.708722 38.703006 38.703006
-76.888240 -76.888240 -76.884949 -76.884949
0.000000 1000.000000 1000.000000 0.000000

Surface: u
38.709945 38.704661 38.703006 38.708722
-76.885093 -76.882051 -76.884949 -76.888240
1000.000000 1000.000000 1000.000000 1000.000000

Surface: l
38.704661 38.709945 38.708722 38.703006
-76.882051 -76.885093 -76.888240 -76.884949
0.000000 0.000000 0.000000 0.000000

Segment: 8
Surface: w1
38.704661 38.704661 38.703006 38.703006
-76.882051 -76.882051 -76.884949 -76.884949
0.000000 1000.000000 1000.000000 0.000000

Surface: w2
38.698323 38.698323 38.697010 38.697010
-76.872973 -76.872973 -76.876361 -76.876361
0.000000 1000.000000 1000.000000 0.000000

Surface: s1
38.698323 38.698323 38.704661 38.704661
-76.872973 -76.872973 -76.882051 -76.882051
0.000000 1000.000000 1000.000000 0.000000

Surface: s2
38.703006 38.703006 38.697010 38.697010
-76.884949 -76.884949 -76.876361 -76.876361
0.000000 1000.000000 1000.000000 0.000000

Surface: u
38.704661 38.698323 38.697010 38.703006
-76.882051 -76.872973 -76.876361 -76.884949
1000.000000 1000.000000 1000.000000 1000.000000

Surface: l
38.698323 38.704661 38.703006 38.697010
-76.872973 -76.882051 -76.884949 -76.876361
0.000000 0.000000 0.000000 0.000000

Segment: 9
Surface: w1
38.698323 38.698323 38.697010 38.697010
-76.872973 -76.872973 -76.876361 -76.876361
0.000000 1000.000000 1000.000000 0.000000

Surface: w2
38.681295 38.681295 38.681705 38.681705
-76.871218 -76.871218 -76.874782 -76.874782
0.000000 1000.000000 1000.000000 0.000000

Surface: s1
38.681295 38.681295 38.698323 38.698323
-76.871218 -76.871218 -76.872973 -76.872973
0.000000 1000.000000 1000.000000 0.000000

Surface: s2
38.697010 38.697010 38.681705 38.681705
-76.876361 -76.876361 -76.874782 -76.874782
0.000000 1000.000000 1000.000000 0.000000

Surface: u
38.698323 38.681295 38.681705 38.697010
-76.872973 -76.871218 -76.874782 -76.876361
1000.000000 1000.000000 1000.000000 1000.000000

Surface: l
38.681295 38.698323 38.697010 38.681705
-76.871218 -76.872973 -76.876361 -76.874782
0.000000 0.000000 0.000000 0.000000

Segment: 10
Surface: w1
38.681295 38.681295 38.681705 38.681705
-76.871218 -76.871218 -76.874782 -76.874782
0.000000 1000.000000 1000.000000 0.000000

Surface: w2
38.672290 38.672290 38.672710 38.672710
-76.875720 -76.875720 -76.879280 -76.879280
0.000000 1000.000000 1000.000000 0.000000

Surface: s1
38.672290 38.672290 38.681295 38.681295
-76.875720 -76.875720 -76.871218 -76.871218
0.000000 1000.000000 1000.000000 0.000000

Surface: s2
38.681705 38.681705 38.672710 38.672710
-76.874782 -76.874782 -76.879280 -76.879280
0.000000 1000.000000 1000.000000 0.000000

Surface: u
38.681295 38.672290 38.672710 38.681705
-76.871218 -76.875720 -76.879280 -76.874782
1000.000000 1000.000000 1000.000000 1000.000000

Surface: l
38.672290 38.681295 38.681705 38.672710
-76.875720 -76.871218 -76.874782 -76.879280
0.000000 0.000000 0.000000 0.000000

Segment: 11
Surface: w1
38.672290 38.672290 38.672710 38.672710
-76.875720 -76.875720 -76.879280 -76.879280
0.000000 1000.000000 1000.000000 0.000000

Surface: w2
38.654191 38.654191 38.655142 38.655142
-76.874029 -76.874029 -76.877637 -76.877637
0.000000 1000.000000 1000.000000 0.000000

Surface: s1
38.654191 38.654191 38.672290 38.672290
-76.874029 -76.874029 -76.875720 -76.875720
0.000000 1000.000000 1000.000000 0.000000

Surface: s2
38.672710 38.672710 38.655142 38.655142
-76.879280 -76.879280 -76.877637 -76.877637
0.000000 1000.000000 1000.000000 0.000000

Surface: u
38.672290 38.654191 38.655142 38.672710
-76.875720 -76.874029 -76.877637 -76.879280
1000.000000 1000.000000 1000.000000 1000.000000

Surface: l
38.654191 38.672290 38.672710 38.655142
-76.874029 -76.875720 -76.879280 -76.877637
0.000000 0.000000 0.000000 0.000000

Segment: 12
Surface: w1
38.654191 38.654191 38.655142 38.655142
-76.874029 -76.874029 -76.877637 -76.877637
0.000000 1000.000000 1000.000000 0.000000

Surface: w2
38.621759 38.621759 38.623574 38.623574
-76.910685 -76.910685 -76.913315 -76.913315
0.000000 1000.000000 1000.000000 0.000000

Surface: s1
38.621759 38.621759 38.654191 38.654191
-76.910685 -76.910685 -76.874029 -76.874029
0.000000 1000.000000 1000.000000 0.000000

Surface: s2
38.655142 38.655142 38.623574 38.623574
-76.877637 -76.877637 -76.913315 -76.913315
0.000000 1000.000000 1000.000000 0.000000

Surface: u
38.654191 38.621759 38.623574 38.655142
-76.874029 -76.910685 -76.913315 -76.877637
1000.000000 1000.000000 1000.000000 1000.000000

Surface: l
38.621759 38.654191 38.655142 38.623574
-76.910685 -76.874029 -76.877637 -76.913315
0.000000 0.000000 0.000000 0.000000

