Identifier: HeliC1
Segment: 1
Surface: w1
594.933121, -2614.227325, 0.000000
594.970032, -2614.389518, 0.213952
594.970816, -2614.494336, 0.213952
594.933905, -2614.332137, 0.000000

Surface: w2
596.485916, -2614.011740, 0.000000
596.522923, -2614.173919, 0.213952
596.457638, -2614.287937, 0.213952
596.420634, -2614.125751, 0.000000

Surface: s1
596.485916, -2614.011740, 0.000000
596.522923, -2614.173919, 0.213952
594.970032, -2614.389518, 0.213952
594.933121, -2614.227325, 0.000000

Surface: s2
594.933905, -2614.332137, 0.000000
594.970816, -2614.494336, 0.213952
596.457638, -2614.287937, 0.213952
596.420634, -2614.125751, 0.000000

Surface: u
594.970032, -2614.389518, 0.213952
596.522923, -2614.173919, 0.213952
596.457638, -2614.287937, 0.213952
594.970816, -2614.494336, 0.213952

Surface: l
596.485916, -2614.011740, 0.000000
594.933121, -2614.227325, 0.000000
594.933905, -2614.332137, 0.000000
596.420634, -2614.125751, 0.000000

Segment: 2
Surface: w1
596.485916, -2614.011740, 0.000000
596.522923, -2614.173919, 0.213952
596.457638, -2614.287937, 0.213952
596.420634, -2614.125751, 0.000000

Surface: w2
597.489296, -2614.500717, 0.000000
597.526366, -2614.662927, 0.213952
597.398964, -2614.746671, 0.213952
597.361902, -2614.584456, 0.000000

Surface: s1
597.489296, -2614.500717, 0.000000
597.526366, -2614.662927, 0.213952
596.522923, -2614.173919, 0.213952
596.485916, -2614.011740, 0.000000

Surface: s2
596.420634, -2614.125751, 0.000000
596.457638, -2614.287937, 0.213952
597.398964, -2614.746671, 0.213952
597.361902, -2614.584456, 0.000000

Surface: u
596.522923, -2614.173919, 0.213952
597.526366, -2614.662927, 0.213952
597.398964, -2614.746671, 0.213952
596.457638, -2614.287937, 0.213952

Surface: l
597.489296, -2614.500717, 0.000000
596.485916, -2614.011740, 0.000000
596.420634, -2614.125751, 0.000000
597.361902, -2614.584456, 0.000000

Segment: 3
Surface: w1
597.489296, -2614.500717, 0.000000
597.526366, -2614.662927, 0.213952
597.398964, -2614.746671, 0.213952
597.361902, -2614.584456, 0.000000

Surface: w2
597.804081, -2614.785384, 0.000000
597.841170, -2614.947612, 0.213952
597.709661, -2615.027639, 0.213952
597.672580, -2614.865406, 0.000000

Surface: s1
597.804081, -2614.785384, 0.000000
597.841170, -2614.947612, 0.213952
597.526366, -2614.662927, 0.213952
597.489296, -2614.500717, 0.000000

Surface: s2
597.361902, -2614.584456, 0.000000
597.398964, -2614.746671, 0.213952
597.709661, -2615.027639, 0.213952
597.672580, -2614.865406, 0.000000

Surface: u
597.526366, -2614.662927, 0.213952
597.841170, -2614.947612, 0.213952
597.709661, -2615.027639, 0.213952
597.398964, -2614.746671, 0.213952

Surface: l
597.804081, -2614.785384, 0.000000
597.489296, -2614.500717, 0.000000
597.361902, -2614.584456, 0.000000
597.672580, -2614.865406, 0.000000

Segment: 4
Surface: w1
597.804081, -2614.785384, 0.000000
597.841170, -2614.947612, 0.213952
597.709661, -2615.027639, 0.213952
597.672580, -2614.865406, 0.000000

Surface: w2
598.255817, -2615.064309, 0.000000
598.292935, -2615.226554, 0.213952
598.171347, -2615.312707, 0.213952
598.134237, -2615.150457, 0.000000

Surface: s1
598.255817, -2615.064309, 0.000000
598.292935, -2615.226554, 0.213952
597.841170, -2614.947612, 0.213952
597.804081, -2614.785384, 0.000000

Surface: s2
597.672580, -2614.865406, 0.000000
597.709661, -2615.027639, 0.213952
598.171347, -2615.312707, 0.213952
598.134237, -2615.150457, 0.000000

Surface: u
597.841170, -2614.947612, 0.213952
598.292935, -2615.226554, 0.213952
598.171347, -2615.312707, 0.213952
597.709661, -2615.027639, 0.213952

Surface: l
598.255817, -2615.064309, 0.000000
597.804081, -2614.785384, 0.000000
597.672580, -2614.865406, 0.000000
598.134237, -2615.150457, 0.000000

Segment: 5
Surface: w1
598.255817, -2615.064309, 0.000000
598.275804, -2615.151672, 0.115205
598.154220, -2615.237823, 0.115205
598.134237, -2615.150457, 0.000000

Surface: w2
599.247979, -2615.626294, 0.000000
599.267998, -2615.713675, 0.115205
599.185945, -2615.822199, 0.115205
599.165929, -2615.734814, 0.000000

Surface: s1
599.247979, -2615.626294, 0.000000
599.267998, -2615.713675, 0.115205
598.275804, -2615.151672, 0.115205
598.255817, -2615.064309, 0.000000

Surface: s2
598.134237, -2615.150457, 0.000000
598.154220, -2615.237823, 0.115205
599.185945, -2615.822199, 0.115205
599.165929, -2615.734814, 0.000000

Surface: u
598.275804, -2615.151672, 0.115205
599.267998, -2615.713675, 0.115205
599.185945, -2615.822199, 0.115205
598.154220, -2615.237823, 0.115205

Surface: l
599.247979, -2615.626294, 0.000000
598.255817, -2615.064309, 0.000000
598.134237, -2615.150457, 0.000000
599.165929, -2615.734814, 0.000000

Segment: 6
Surface: w1
599.247979, -2615.626294, 0.000000
599.267998, -2615.713675, 0.115205
599.185945, -2615.822199, 0.115205
599.165929, -2615.734814, 0.000000

Surface: w2
600.557704, -2615.590731, 0.000000
600.577767, -2615.678112, 0.115205
600.550586, -2615.785154, 0.115205
600.530524, -2615.697770, 0.000000

Surface: s1
600.557704, -2615.590731, 0.000000
600.577767, -2615.678112, 0.115205
599.267998, -2615.713675, 0.115205
599.247979, -2615.626294, 0.000000

Surface: s2
599.165929, -2615.734814, 0.000000
599.185945, -2615.822199, 0.115205
600.550586, -2615.785154, 0.115205
600.530524, -2615.697770, 0.000000

Surface: u
599.267998, -2615.713675, 0.115205
600.577767, -2615.678112, 0.115205
600.550586, -2615.785154, 0.115205
599.185945, -2615.822199, 0.115205

Surface: l
600.557704, -2615.590731, 0.000000
599.247979, -2615.626294, 0.000000
599.165929, -2615.734814, 0.000000
600.530524, -2615.697770, 0.000000

Segment: 7
Surface: w1
600.557704, -2615.590731, 0.000000
600.566302, -2615.628180, 0.049374
600.539122, -2615.735221, 0.049374
600.530524, -2615.697770, 0.000000

Surface: w2
601.075199, -2615.576487, 0.000000
601.083805, -2615.613936, 0.049374
600.976794, -2615.723183, 0.049374
600.968190, -2615.685733, 0.000000

Surface: s1
601.075199, -2615.576487, 0.000000
601.083805, -2615.613936, 0.049374
600.566302, -2615.628180, 0.049374
600.557704, -2615.590731, 0.000000

Surface: s2
600.530524, -2615.697770, 0.000000
600.539122, -2615.735221, 0.049374
600.976794, -2615.723183, 0.049374
600.968190, -2615.685733, 0.000000

Surface: u
600.566302, -2615.628180, 0.049374
601.083805, -2615.613936, 0.049374
600.976794, -2615.723183, 0.049374
600.539122, -2615.735221, 0.049374

Surface: l
601.075199, -2615.576487, 0.000000
600.557704, -2615.590731, 0.000000
600.530524, -2615.697770, 0.000000
600.968190, -2615.685733, 0.000000

Segment: 8
Surface: w1
601.075199, -2615.576487, 0.000000
601.083805, -2615.613936, 0.049374
600.976794, -2615.723183, 0.049374
600.968190, -2615.685733, 0.000000

Surface: w2
601.441395, -2615.982419, 0.000000
601.450006, -2616.019874, 0.049374
601.341589, -2616.127544, 0.049374
601.332979, -2616.090088, 0.000000

Surface: s1
601.441395, -2615.982419, 0.000000
601.450006, -2616.019874, 0.049374
601.083805, -2615.613936, 0.049374
601.075199, -2615.576487, 0.000000

Surface: s2
600.968190, -2615.685733, 0.000000
600.976794, -2615.723183, 0.049374
601.341589, -2616.127544, 0.049374
601.332979, -2616.090088, 0.000000

Surface: u
601.083805, -2615.613936, 0.049374
601.450006, -2616.019874, 0.049374
601.341589, -2616.127544, 0.049374
600.976794, -2615.723183, 0.049374

Surface: l
601.441395, -2615.982419, 0.000000
601.075199, -2615.576487, 0.000000
600.968190, -2615.685733, 0.000000
601.332979, -2616.090088, 0.000000

Segment: 9
Surface: w1
601.441395, -2615.982419, 0.000000
601.447136, -2616.007389, 0.032916
601.338719, -2616.115059, 0.032916
601.332979, -2616.090088, 0.000000

Surface: w2
602.556580, -2615.973962, 0.000000
602.562332, -2615.998931, 0.032916
602.479178, -2616.106436, 0.032916
602.473427, -2616.081465, 0.000000

Surface: s1
602.556580, -2615.973962, 0.000000
602.562332, -2615.998931, 0.032916
601.447136, -2616.007389, 0.032916
601.441395, -2615.982419, 0.000000

Surface: s2
601.332979, -2616.090088, 0.000000
601.338719, -2616.115059, 0.032916
602.479178, -2616.106436, 0.032916
602.473427, -2616.081465, 0.000000

Surface: u
601.447136, -2616.007389, 0.032916
602.562332, -2615.998931, 0.032916
602.479178, -2616.106436, 0.032916
601.338719, -2616.115059, 0.032916

Surface: l
602.556580, -2615.973962, 0.000000
601.441395, -2615.982419, 0.000000
601.332979, -2616.090088, 0.000000
602.473427, -2616.081465, 0.000000

Segment: 10
Surface: w1
602.556580, -2615.973962, 0.000000
602.562332, -2615.998931, 0.032916
602.479178, -2616.106436, 0.032916
602.473427, -2616.081465, 0.000000

Surface: w2
602.974857, -2616.205494, 0.000000
602.980613, -2616.230466, 0.032916
602.832469, -2616.301999, 0.032916
602.826715, -2616.277026, 0.000000

Surface: s1
602.974857, -2616.205494, 0.000000
602.980613, -2616.230466, 0.032916
602.562332, -2615.998931, 0.032916
602.556580, -2615.973962, 0.000000

Surface: s2
602.473427, -2616.081465, 0.000000
602.479178, -2616.106436, 0.032916
602.832469, -2616.301999, 0.032916
602.826715, -2616.277026, 0.000000

Surface: u
602.562332, -2615.998931, 0.032916
602.980613, -2616.230466, 0.032916
602.832469, -2616.301999, 0.032916
602.479178, -2616.106436, 0.032916

Surface: l
602.974857, -2616.205494, 0.000000
602.556580, -2615.973962, 0.000000
602.473427, -2616.081465, 0.000000
602.826715, -2616.277026, 0.000000

Segment: 11
Surface: w1
602.974857, -2616.205494, 0.000000
602.980613, -2616.230466, 0.032916
602.832469, -2616.301999, 0.032916
602.826715, -2616.277026, 0.000000

Surface: w2
603.181255, -2616.739612, 0.000000
603.187013, -2616.764589, 0.032916
603.023252, -2616.795710, 0.032916
603.017496, -2616.770732, 0.000000

Surface: s1
603.181255, -2616.739612, 0.000000
603.187013, -2616.764589, 0.032916
602.980613, -2616.230466, 0.032916
602.974857, -2616.205494, 0.000000

Surface: s2
602.826715, -2616.277026, 0.000000
602.832469, -2616.301999, 0.032916
603.023252, -2616.795710, 0.032916
603.017496, -2616.770732, 0.000000

Surface: u
602.980613, -2616.230466, 0.032916
603.187013, -2616.764589, 0.032916
603.023252, -2616.795710, 0.032916
602.832469, -2616.301999, 0.032916

Surface: l
603.181255, -2616.739612, 0.000000
602.974857, -2616.205494, 0.000000
602.826715, -2616.277026, 0.000000
603.017496, -2616.770732, 0.000000

Segment: 12
Surface: w1
603.181255, -2616.739612, 0.000000
603.187013, -2616.764589, 0.032916
603.023252, -2616.795710, 0.032916
603.017496, -2616.770732, 0.000000

Surface: w2
603.053282, -2617.931149, 0.000000
603.059038, -2617.956138, 0.032916
602.896304, -2617.977674, 0.032916
602.890549, -2617.952685, 0.000000

Surface: s1
603.053282, -2617.931149, 0.000000
603.059038, -2617.956138, 0.032916
603.187013, -2616.764589, 0.032916
603.181255, -2616.739612, 0.000000

Surface: s2
603.017496, -2616.770732, 0.000000
603.023252, -2616.795710, 0.032916
602.896304, -2617.977674, 0.032916
602.890549, -2617.952685, 0.000000

Surface: u
603.187013, -2616.764589, 0.032916
603.059038, -2617.956138, 0.032916
602.896304, -2617.977674, 0.032916
603.023252, -2616.795710, 0.032916

Surface: l
603.053282, -2617.931149, 0.000000
603.181255, -2616.739612, 0.000000
603.017496, -2616.770732, 0.000000
602.890549, -2617.952685, 0.000000

Segment: 13
Surface: w1
603.053282, -2617.931149, 0.000000
603.059038, -2617.956138, 0.032916
602.896304, -2617.977674, 0.032916
602.890549, -2617.952685, 0.000000

Surface: w2
603.136589, -2618.918119, 0.000000
603.142346, -2618.943117, 0.032916
602.980059, -2618.969938, 0.032916
602.974303, -2618.944940, 0.000000

Surface: s1
603.136589, -2618.918119, 0.000000
603.142346, -2618.943117, 0.032916
603.059038, -2617.956138, 0.032916
603.053282, -2617.931149, 0.000000

Surface: s2
602.890549, -2617.952685, 0.000000
602.896304, -2617.977674, 0.032916
602.980059, -2618.969938, 0.032916
602.974303, -2618.944940, 0.000000

Surface: u
603.059038, -2617.956138, 0.032916
603.142346, -2618.943117, 0.032916
602.980059, -2618.969938, 0.032916
602.896304, -2617.977674, 0.032916

Surface: l
603.136589, -2618.918119, 0.000000
603.053282, -2617.931149, 0.000000
602.890549, -2617.952685, 0.000000
602.974303, -2618.944940, 0.000000

Segment: 14
Surface: w1
603.136589, -2618.918119, 0.000000
603.142346, -2618.943117, 0.032916
602.980059, -2618.969938, 0.032916
602.974303, -2618.944940, 0.000000

Surface: w2
603.161031, -2619.409243, 0.000000
603.166788, -2619.434245, 0.032916
603.004286, -2619.456752, 0.032916
602.998530, -2619.431750, 0.000000

Surface: s1
603.161031, -2619.409243, 0.000000
603.166788, -2619.434245, 0.032916
603.142346, -2618.943117, 0.032916
603.136589, -2618.918119, 0.000000

Surface: s2
602.974303, -2618.944940, 0.000000
602.980059, -2618.969938, 0.032916
603.004286, -2619.456752, 0.032916
602.998530, -2619.431750, 0.000000

Surface: u
603.142346, -2618.943117, 0.032916
603.166788, -2619.434245, 0.032916
603.004286, -2619.456752, 0.032916
602.980059, -2618.969938, 0.032916

Surface: l
603.161031, -2619.409243, 0.000000
603.136589, -2618.918119, 0.000000
602.974303, -2618.944940, 0.000000
602.998530, -2619.431750, 0.000000

Segment: 15
Surface: w1
603.161031, -2619.409243, 0.000000
603.178302, -2619.484250, 0.098747
603.015797, -2619.506758, 0.098747
602.998530, -2619.431750, 0.000000

Surface: w2
603.120196, -2620.304062, 0.000000
603.137467, -2620.379095, 0.098747
602.974312, -2620.415774, 0.098747
602.957046, -2620.340740, 0.000000

Surface: s1
603.120196, -2620.304062, 0.000000
603.137467, -2620.379095, 0.098747
603.178302, -2619.484250, 0.098747
603.161031, -2619.409243, 0.000000

Surface: s2
602.998530, -2619.431750, 0.000000
603.015797, -2619.506758, 0.098747
602.974312, -2620.415774, 0.098747
602.957046, -2620.340740, 0.000000

Surface: u
603.178302, -2619.484250, 0.098747
603.137467, -2620.379095, 0.098747
602.974312, -2620.415774, 0.098747
603.015797, -2619.506758, 0.098747

Surface: l
603.120196, -2620.304062, 0.000000
603.161031, -2619.409243, 0.000000
602.998530, -2619.431750, 0.000000
602.957046, -2620.340740, 0.000000

Segment: 16
Surface: w1
603.120196, -2620.304062, 0.000000
603.137467, -2620.379095, 0.098747
602.974312, -2620.415774, 0.098747
602.957046, -2620.340740, 0.000000

Surface: w2
603.497758, -2621.041475, 0.000000
603.515040, -2621.116530, 0.098747
603.355090, -2621.159472, 0.098747
603.337813, -2621.084417, 0.000000

Surface: s1
603.497758, -2621.041475, 0.000000
603.515040, -2621.116530, 0.098747
603.137467, -2620.379095, 0.098747
603.120196, -2620.304062, 0.000000

Surface: s2
602.957046, -2620.340740, 0.000000
602.974312, -2620.415774, 0.098747
603.355090, -2621.159472, 0.098747
603.337813, -2621.084417, 0.000000

Surface: u
603.137467, -2620.379095, 0.098747
603.515040, -2621.116530, 0.098747
603.355090, -2621.159472, 0.098747
602.974312, -2620.415774, 0.098747

Surface: l
603.497758, -2621.041475, 0.000000
603.120196, -2620.304062, 0.000000
602.957046, -2620.340740, 0.000000
603.337813, -2621.084417, 0.000000

Segment: 17
Surface: w1
603.497758, -2621.041475, 0.000000
603.526561, -2621.166566, 0.164579
603.366608, -2621.209510, 0.164579
603.337813, -2621.084417, 0.000000

Surface: w2
603.633662, -2621.875945, 0.000000
603.662471, -2622.001076, 0.164579
603.502567, -2622.044319, 0.164579
603.473766, -2621.919186, 0.000000

Surface: s1
603.633662, -2621.875945, 0.000000
603.662471, -2622.001076, 0.164579
603.526561, -2621.166566, 0.164579
603.497758, -2621.041475, 0.000000

Surface: s2
603.337813, -2621.084417, 0.000000
603.366608, -2621.209510, 0.164579
603.502567, -2622.044319, 0.164579
603.473766, -2621.919186, 0.000000

Surface: u
603.526561, -2621.166566, 0.164579
603.662471, -2622.001076, 0.164579
603.502567, -2622.044319, 0.164579
603.366608, -2621.209510, 0.164579

Surface: l
603.633662, -2621.875945, 0.000000
603.497758, -2621.041475, 0.000000
603.337813, -2621.084417, 0.000000
603.473766, -2621.919186, 0.000000

Segment: 18
Surface: w1
603.633662, -2621.875945, 0.000000
603.662471, -2622.001076, 0.164579
603.502567, -2622.044319, 0.164579
603.473766, -2621.919186, 0.000000

Surface: w2
603.760115, -2622.117270, 0.000000
603.788930, -2622.242412, 0.164579
603.633967, -2622.295086, 0.164579
603.605160, -2622.169941, 0.000000

Surface: s1
603.760115, -2622.117270, 0.000000
603.788930, -2622.242412, 0.164579
603.662471, -2622.001076, 0.164579
603.633662, -2621.875945, 0.000000

Surface: s2
603.473766, -2621.919186, 0.000000
603.502567, -2622.044319, 0.164579
603.633967, -2622.295086, 0.164579
603.605160, -2622.169941, 0.000000

Surface: u
603.662471, -2622.001076, 0.164579
603.788930, -2622.242412, 0.164579
603.633967, -2622.295086, 0.164579
603.502567, -2622.044319, 0.164579

Surface: l
603.760115, -2622.117270, 0.000000
603.633662, -2621.875945, 0.000000
603.473766, -2621.919186, 0.000000
603.605160, -2622.169941, 0.000000

Identifier: HeliC2
Segment: 1
Surface: w1
608.179084, -2610.414345, 0.000000
608.216817, -2610.576301, 0.213952
608.061964, -2610.566114, 0.213952
608.024241, -2610.404158, 0.000000

Surface: w2
607.655131, -2611.559518, 0.000000
607.692832, -2611.721546, 0.213952
607.535181, -2611.717467, 0.213952
607.497490, -2611.555440, 0.000000

Surface: s1
607.655131, -2611.559518, 0.000000
607.692832, -2611.721546, 0.213952
608.216817, -2610.576301, 0.213952
608.179084, -2610.414345, 0.000000

Surface: s2
608.024241, -2610.404158, 0.000000
608.061964, -2610.566114, 0.213952
607.535181, -2611.717467, 0.213952
607.497490, -2611.555440, 0.000000

Surface: u
608.216817, -2610.576301, 0.213952
607.692832, -2611.721546, 0.213952
607.535181, -2611.717467, 0.213952
608.061964, -2610.566114, 0.213952

Surface: l
607.655131, -2611.559518, 0.000000
608.179084, -2610.414345, 0.000000
608.024241, -2610.404158, 0.000000
607.497490, -2611.555440, 0.000000

Segment: 2
Surface: w1
607.655131, -2611.559518, 0.000000
607.692832, -2611.721546, 0.213952
607.535181, -2611.717467, 0.213952
607.497490, -2611.555440, 0.000000

Surface: w2
607.297466, -2612.800047, 0.000000
607.335145, -2612.962151, 0.213952
607.183448, -2612.937462, 0.213952
607.145779, -2612.775359, 0.000000

Surface: s1
607.297466, -2612.800047, 0.000000
607.335145, -2612.962151, 0.213952
607.692832, -2611.721546, 0.213952
607.655131, -2611.559518, 0.000000

Surface: s2
607.497490, -2611.555440, 0.000000
607.535181, -2611.717467, 0.213952
607.183448, -2612.937462, 0.213952
607.145779, -2612.775359, 0.000000

Surface: u
607.692832, -2611.721546, 0.213952
607.335145, -2612.962151, 0.213952
607.183448, -2612.937462, 0.213952
607.535181, -2611.717467, 0.213952

Surface: l
607.297466, -2612.800047, 0.000000
607.655131, -2611.559518, 0.000000
607.497490, -2611.555440, 0.000000
607.145779, -2612.775359, 0.000000

Segment: 3
Surface: w1
607.297466, -2612.800047, 0.000000
607.335145, -2612.962151, 0.213952
607.183448, -2612.937462, 0.213952
607.145779, -2612.775359, 0.000000

Surface: w2
606.232184, -2613.797058, 0.000000
606.269796, -2613.959225, 0.213952
606.142608, -2613.911588, 0.213952
606.105003, -2613.749424, 0.000000

Surface: s1
606.232184, -2613.797058, 0.000000
606.269796, -2613.959225, 0.213952
607.335145, -2612.962151, 0.213952
607.297466, -2612.800047, 0.000000

Surface: s2
607.145779, -2612.775359, 0.000000
607.183448, -2612.937462, 0.213952
606.142608, -2613.911588, 0.213952
606.105003, -2613.749424, 0.000000

Surface: u
607.335145, -2612.962151, 0.213952
606.269796, -2613.959225, 0.213952
606.142608, -2613.911588, 0.213952
607.183448, -2612.937462, 0.213952

Surface: l
606.232184, -2613.797058, 0.000000
607.297466, -2612.800047, 0.000000
607.145779, -2612.775359, 0.000000
606.105003, -2613.749424, 0.000000

Segment: 4
Surface: w1
606.232184, -2613.797058, 0.000000
606.252436, -2613.884379, 0.115205
606.125252, -2613.836743, 0.115205
606.105003, -2613.749424, 0.000000

Surface: w2
605.519846, -2614.486353, 0.000000
605.540075, -2614.573696, 0.115205
605.384595, -2614.553423, 0.115205
605.364372, -2614.466080, 0.000000

Surface: s1
605.519846, -2614.486353, 0.000000
605.540075, -2614.573696, 0.115205
606.252436, -2613.884379, 0.115205
606.232184, -2613.797058, 0.000000

Surface: s2
606.105003, -2613.749424, 0.000000
606.125252, -2613.836743, 0.115205
605.384595, -2614.553423, 0.115205
605.364372, -2614.466080, 0.000000

Surface: u
606.252436, -2613.884379, 0.115205
605.540075, -2614.573696, 0.115205
605.384595, -2614.553423, 0.115205
606.125252, -2613.836743, 0.115205

Surface: l
605.519846, -2614.486353, 0.000000
606.232184, -2613.797058, 0.000000
606.105003, -2613.749424, 0.000000
605.364372, -2614.466080, 0.000000

Segment: 5
Surface: w1
605.519846, -2614.486353, 0.000000
605.540075, -2614.573696, 0.115205
605.384595, -2614.553423, 0.115205
605.364372, -2614.466080, 0.000000

Surface: w2
605.389656, -2615.163141, 0.000000
605.409880, -2615.250508, 0.115205
605.252933, -2615.237898, 0.115205
605.232713, -2615.150532, 0.000000

Surface: s1
605.389656, -2615.163141, 0.000000
605.409880, -2615.250508, 0.115205
605.540075, -2614.573696, 0.115205
605.519846, -2614.486353, 0.000000

Surface: s2
605.364372, -2614.466080, 0.000000
605.384595, -2614.553423, 0.115205
605.252933, -2615.237898, 0.115205
605.232713, -2615.150532, 0.000000

Surface: u
605.540075, -2614.573696, 0.115205
605.409880, -2615.250508, 0.115205
605.252933, -2615.237898, 0.115205
605.384595, -2614.553423, 0.115205

Surface: l
605.389656, -2615.163141, 0.000000
605.519846, -2614.486353, 0.000000
605.364372, -2614.466080, 0.000000
605.232713, -2615.150532, 0.000000

Segment: 6
Surface: w1
605.389656, -2615.163141, 0.000000
605.409880, -2615.250508, 0.115205
605.252933, -2615.237898, 0.115205
605.232713, -2615.150532, 0.000000

Surface: w2
604.998954, -2615.651243, 0.000000
605.019166, -2615.738626, 0.115205
604.897481, -2615.681968, 0.115205
604.877273, -2615.594587, 0.000000

Surface: s1
604.998954, -2615.651243, 0.000000
605.019166, -2615.738626, 0.115205
605.409880, -2615.250508, 0.115205
605.389656, -2615.163141, 0.000000

Surface: s2
605.232713, -2615.150532, 0.000000
605.252933, -2615.237898, 0.115205
604.897481, -2615.681968, 0.115205
604.877273, -2615.594587, 0.000000

Surface: u
605.409880, -2615.250508, 0.115205
605.019166, -2615.738626, 0.115205
604.897481, -2615.681968, 0.115205
605.252933, -2615.237898, 0.115205

Surface: l
604.998954, -2615.651243, 0.000000
605.389656, -2615.163141, 0.000000
605.232713, -2615.150532, 0.000000
604.877273, -2615.594587, 0.000000

Segment: 7
Surface: w1
604.998954, -2615.651243, 0.000000
605.013391, -2615.713659, 0.082289
604.891707, -2615.657002, 0.082289
604.877273, -2615.594587, 0.000000

Surface: w2
604.475309, -2615.950797, 0.000000
604.489733, -2616.013221, 0.082289
604.395908, -2615.940623, 0.082289
604.381486, -2615.878201, 0.000000

Surface: s1
604.475309, -2615.950797, 0.000000
604.489733, -2616.013221, 0.082289
605.013391, -2615.713659, 0.082289
604.998954, -2615.651243, 0.000000

Surface: s2
604.877273, -2615.594587, 0.000000
604.891707, -2615.657002, 0.082289
604.395908, -2615.940623, 0.082289
604.381486, -2615.878201, 0.000000

Surface: u
605.013391, -2615.713659, 0.082289
604.489733, -2616.013221, 0.082289
604.395908, -2615.940623, 0.082289
604.891707, -2615.657002, 0.082289

Surface: l
604.475309, -2615.950797, 0.000000
604.998954, -2615.651243, 0.000000
604.877273, -2615.594587, 0.000000
604.381486, -2615.878201, 0.000000

Segment: 8
Surface: w1
604.475309, -2615.950797, 0.000000
604.483963, -2615.988251, 0.049374
604.390139, -2615.915654, 0.049374
604.381486, -2615.878201, 0.000000

Surface: w2
604.193748, -2616.124571, 0.000000
604.202399, -2616.162028, 0.049374
604.138519, -2616.070953, 0.049374
604.129870, -2616.033498, 0.000000

Surface: s1
604.193748, -2616.124571, 0.000000
604.202399, -2616.162028, 0.049374
604.483963, -2615.988251, 0.049374
604.475309, -2615.950797, 0.000000

Surface: s2
604.381486, -2615.878201, 0.000000
604.390139, -2615.915654, 0.049374
604.138519, -2616.070953, 0.049374
604.129870, -2616.033498, 0.000000

Surface: u
604.483963, -2615.988251, 0.049374
604.202399, -2616.162028, 0.049374
604.138519, -2616.070953, 0.049374
604.390139, -2615.915654, 0.049374

Surface: l
604.193748, -2616.124571, 0.000000
604.475309, -2615.950797, 0.000000
604.381486, -2615.878201, 0.000000
604.129870, -2616.033498, 0.000000

Segment: 9
Surface: w1
604.193748, -2616.124571, 0.000000
604.202399, -2616.162028, 0.049374
604.138519, -2616.070953, 0.049374
604.129870, -2616.033498, 0.000000

Surface: w2
603.853943, -2616.203026, 0.000000
603.862588, -2616.240484, 0.049374
603.762981, -2616.157649, 0.049374
603.754337, -2616.120192, 0.000000

Surface: s1
603.853943, -2616.203026, 0.000000
603.862588, -2616.240484, 0.049374
604.202399, -2616.162028, 0.049374
604.193748, -2616.124571, 0.000000

Surface: s2
604.129870, -2616.033498, 0.000000
604.138519, -2616.070953, 0.049374
603.762981, -2616.157649, 0.049374
603.754337, -2616.120192, 0.000000

Surface: u
604.202399, -2616.162028, 0.049374
603.862588, -2616.240484, 0.049374
603.762981, -2616.157649, 0.049374
604.138519, -2616.070953, 0.049374

Surface: l
603.853943, -2616.203026, 0.000000
604.193748, -2616.124571, 0.000000
604.129870, -2616.033498, 0.000000
603.754337, -2616.120192, 0.000000

Segment: 10
Surface: w1
603.853943, -2616.203026, 0.000000
603.862588, -2616.240484, 0.049374
603.762981, -2616.157649, 0.049374
603.754337, -2616.120192, 0.000000

Surface: w2
603.580191, -2616.535182, 0.000000
603.588833, -2616.572644, 0.049374
603.460575, -2616.524582, 0.049374
603.451935, -2616.487120, 0.000000

Surface: s1
603.580191, -2616.535182, 0.000000
603.588833, -2616.572644, 0.049374
603.862588, -2616.240484, 0.049374
603.853943, -2616.203026, 0.000000

Surface: s2
603.754337, -2616.120192, 0.000000
603.762981, -2616.157649, 0.049374
603.460575, -2616.524582, 0.049374
603.451935, -2616.487120, 0.000000

Surface: u
603.862588, -2616.240484, 0.049374
603.588833, -2616.572644, 0.049374
603.460575, -2616.524582, 0.049374
603.762981, -2616.157649, 0.049374

Surface: l
603.580191, -2616.535182, 0.000000
603.853943, -2616.203026, 0.000000
603.754337, -2616.120192, 0.000000
603.451935, -2616.487120, 0.000000

Segment: 11
Surface: w1
603.580191, -2616.535182, 0.000000
603.588833, -2616.572644, 0.049374
603.460575, -2616.524582, 0.049374
603.451935, -2616.487120, 0.000000

Surface: w2
603.183664, -2616.836539, 0.000000
603.192301, -2616.874006, 0.049374
603.079507, -2616.814190, 0.049374
603.070873, -2616.776724, 0.000000

Surface: s1
603.183664, -2616.836539, 0.000000
603.192301, -2616.874006, 0.049374
603.588833, -2616.572644, 0.049374
603.580191, -2616.535182, 0.000000

Surface: s2
603.451935, -2616.487120, 0.000000
603.460575, -2616.524582, 0.049374
603.079507, -2616.814190, 0.049374
603.070873, -2616.776724, 0.000000

Surface: u
603.588833, -2616.572644, 0.049374
603.192301, -2616.874006, 0.049374
603.079507, -2616.814190, 0.049374
603.460575, -2616.524582, 0.049374

Surface: l
603.183664, -2616.836539, 0.000000
603.580191, -2616.535182, 0.000000
603.451935, -2616.487120, 0.000000
603.070873, -2616.776724, 0.000000

Identifier: HeliC3
Segment: 1
Surface: w1
604.981787, -2615.592827, 0.000000
605.022209, -2615.767588, 0.230410
604.961379, -2615.873124, 0.230410
604.920961, -2615.698356, 0.000000

Surface: w2
605.821226, -2615.695571, 0.000000
605.861704, -2615.870339, 0.230410
605.722487, -2615.966299, 0.230410
605.682018, -2615.791524, 0.000000

Surface: s1
605.821226, -2615.695571, 0.000000
605.861704, -2615.870339, 0.230410
605.022209, -2615.767588, 0.230410
604.981787, -2615.592827, 0.000000

Surface: s2
604.920961, -2615.698356, 0.000000
604.961379, -2615.873124, 0.230410
605.722487, -2615.966299, 0.230410
605.682018, -2615.791524, 0.000000

Surface: u
605.022209, -2615.767588, 0.230410
605.861704, -2615.870339, 0.230410
605.722487, -2615.966299, 0.230410
604.961379, -2615.873124, 0.230410

Surface: l
605.821226, -2615.695571, 0.000000
604.981787, -2615.592827, 0.000000
604.920961, -2615.698356, 0.000000
605.682018, -2615.791524, 0.000000

Segment: 2
Surface: w1
605.821226, -2615.695571, 0.000000
605.861704, -2615.870339, 0.230410
605.722487, -2615.966299, 0.230410
605.682018, -2615.791524, 0.000000

Surface: w2
606.013684, -2616.206403, 0.000000
606.054175, -2616.381206, 0.230410
605.904608, -2616.449687, 0.230410
605.864127, -2616.274880, 0.000000

Surface: s1
606.013684, -2616.206403, 0.000000
606.054175, -2616.381206, 0.230410
605.861704, -2615.870339, 0.230410
605.821226, -2615.695571, 0.000000

Surface: s2
605.682018, -2615.791524, 0.000000
605.722487, -2615.966299, 0.230410
605.904608, -2616.449687, 0.230410
605.864127, -2616.274880, 0.000000

Surface: u
605.861704, -2615.870339, 0.230410
606.054175, -2616.381206, 0.230410
605.904608, -2616.449687, 0.230410
605.722487, -2615.966299, 0.230410

Surface: l
606.013684, -2616.206403, 0.000000
605.821226, -2615.695571, 0.000000
605.682018, -2615.791524, 0.000000
605.864127, -2616.274880, 0.000000

Segment: 3
Surface: w1
606.013684, -2616.206403, 0.000000
606.054175, -2616.381206, 0.230410
605.904608, -2616.449687, 0.230410
605.864127, -2616.274880, 0.000000

Surface: w2
606.958018, -2616.808432, 0.000000
606.998572, -2616.983275, 0.230410
606.898903, -2617.083559, 0.230410
606.858356, -2616.908709, 0.000000

Surface: s1
606.958018, -2616.808432, 0.000000
606.998572, -2616.983275, 0.230410
606.054175, -2616.381206, 0.230410
606.013684, -2616.206403, 0.000000

Surface: s2
605.864127, -2616.274880, 0.000000
605.904608, -2616.449687, 0.230410
606.898903, -2617.083559, 0.230410
606.858356, -2616.908709, 0.000000

Surface: u
606.054175, -2616.381206, 0.230410
606.998572, -2616.983275, 0.230410
606.898903, -2617.083559, 0.230410
605.904608, -2616.449687, 0.230410

Surface: l
606.958018, -2616.808432, 0.000000
606.013684, -2616.206403, 0.000000
605.864127, -2616.274880, 0.000000
606.858356, -2616.908709, 0.000000

Segment: 4
Surface: w1
606.958018, -2616.808432, 0.000000
606.998572, -2616.983275, 0.230410
606.898903, -2617.083559, 0.230410
606.858356, -2616.908709, 0.000000

Surface: w2
607.838944, -2616.926663, 0.000000
607.879557, -2617.101514, 0.230410
607.773452, -2617.200950, 0.230410
607.732846, -2617.026092, 0.000000

Surface: s1
607.838944, -2616.926663, 0.000000
607.879557, -2617.101514, 0.230410
606.998572, -2616.983275, 0.230410
606.958018, -2616.808432, 0.000000

Surface: s2
606.858356, -2616.908709, 0.000000
606.898903, -2617.083559, 0.230410
607.773452, -2617.200950, 0.230410
607.732846, -2617.026092, 0.000000

Surface: u
606.998572, -2616.983275, 0.230410
607.879557, -2617.101514, 0.230410
607.773452, -2617.200950, 0.230410
606.898903, -2617.083559, 0.230410

Surface: l
607.838944, -2616.926663, 0.000000
606.958018, -2616.808432, 0.000000
606.858356, -2616.908709, 0.000000
607.732846, -2617.026092, 0.000000

Segment: 5
Surface: w1
607.838944, -2616.926663, 0.000000
607.879557, -2617.101514, 0.230410
607.773452, -2617.200950, 0.230410
607.732846, -2617.026092, 0.000000

Surface: w2
608.106924, -2617.135095, 0.000000
608.147555, -2617.309960, 0.230410
608.014714, -2617.388599, 0.230410
607.974092, -2617.213729, 0.000000

Surface: s1
608.106924, -2617.135095, 0.000000
608.147555, -2617.309960, 0.230410
607.879557, -2617.101514, 0.230410
607.838944, -2616.926663, 0.000000

Surface: s2
607.732846, -2617.026092, 0.000000
607.773452, -2617.200950, 0.230410
608.014714, -2617.388599, 0.230410
607.974092, -2617.213729, 0.000000

Surface: u
607.879557, -2617.101514, 0.230410
608.147555, -2617.309960, 0.230410
608.014714, -2617.388599, 0.230410
607.773452, -2617.200950, 0.230410

Surface: l
608.106924, -2617.135095, 0.000000
607.838944, -2616.926663, 0.000000
607.732846, -2617.026092, 0.000000
607.974092, -2617.213729, 0.000000

Identifier: HeliC4
Segment: 1
Surface: w1
594.967608, -2614.333971, 0.000000
595.007361, -2614.508648, 0.230410
594.874268, -2614.466481, 0.230410
594.834525, -2614.291807, 0.000000

Surface: w2
594.632148, -2614.688549, 0.000000
594.671878, -2614.863249, 0.230410
594.526179, -2614.834403, 0.230410
594.486458, -2614.659705, 0.000000

Surface: s1
594.632148, -2614.688549, 0.000000
594.671878, -2614.863249, 0.230410
595.007361, -2614.508648, 0.230410
594.967608, -2614.333971, 0.000000

Surface: s2
594.834525, -2614.291807, 0.000000
594.874268, -2614.466481, 0.230410
594.526179, -2614.834403, 0.230410
594.486458, -2614.659705, 0.000000

Surface: u
595.007361, -2614.508648, 0.230410
594.671878, -2614.863249, 0.230410
594.526179, -2614.834403, 0.230410
594.874268, -2614.466481, 0.230410

Surface: l
594.632148, -2614.688549, 0.000000
594.967608, -2614.333971, 0.000000
594.834525, -2614.291807, 0.000000
594.486458, -2614.659705, 0.000000

Segment: 2
Surface: w1
594.632148, -2614.688549, 0.000000
594.671878, -2614.863249, 0.230410
594.526179, -2614.834403, 0.230410
594.486458, -2614.659705, 0.000000

Surface: w2
593.774235, -2616.357778, 0.000000
593.813909, -2616.532590, 0.230410
593.652893, -2616.533530, 0.230410
593.613231, -2616.358718, 0.000000

Surface: s1
593.774235, -2616.357778, 0.000000
593.813909, -2616.532590, 0.230410
594.671878, -2614.863249, 0.230410
594.632148, -2614.688549, 0.000000

Surface: s2
594.486458, -2614.659705, 0.000000
594.526179, -2614.834403, 0.230410
593.652893, -2616.533530, 0.230410
593.613231, -2616.358718, 0.000000

Surface: u
594.671878, -2614.863249, 0.230410
593.813909, -2616.532590, 0.230410
593.652893, -2616.533530, 0.230410
594.526179, -2614.834403, 0.230410

Surface: l
593.774235, -2616.357778, 0.000000
594.632148, -2614.688549, 0.000000
594.486458, -2614.659705, 0.000000
593.613231, -2616.358718, 0.000000

Segment: 3
Surface: w1
593.774235, -2616.357778, 0.000000
593.813909, -2616.532590, 0.230410
593.652893, -2616.533530, 0.230410
593.613231, -2616.358718, 0.000000

Surface: w2
593.735157, -2616.832731, 0.000000
593.774828, -2617.007575, 0.230410
593.611032, -2617.042295, 0.230410
593.571372, -2616.867449, 0.000000

Surface: s1
593.735157, -2616.832731, 0.000000
593.774828, -2617.007575, 0.230410
593.813909, -2616.532590, 0.230410
593.774235, -2616.357778, 0.000000

Surface: s2
593.613231, -2616.358718, 0.000000
593.652893, -2616.533530, 0.230410
593.611032, -2617.042295, 0.230410
593.571372, -2616.867449, 0.000000

Surface: u
593.813909, -2616.532590, 0.230410
593.774828, -2617.007575, 0.230410
593.611032, -2617.042295, 0.230410
593.652893, -2616.533530, 0.230410

Surface: l
593.735157, -2616.832731, 0.000000
593.774235, -2616.357778, 0.000000
593.613231, -2616.358718, 0.000000
593.571372, -2616.867449, 0.000000

Segment: 4
Surface: w1
593.735157, -2616.832731, 0.000000
593.774828, -2617.007575, 0.230410
593.611032, -2617.042295, 0.230410
593.571372, -2616.867449, 0.000000

Surface: w2
593.989169, -2617.346718, 0.000000
594.028856, -2617.521597, 0.230410
593.860199, -2617.546487, 0.230410
593.820523, -2617.371607, 0.000000

Surface: s1
593.989169, -2617.346718, 0.000000
594.028856, -2617.521597, 0.230410
593.774828, -2617.007575, 0.230410
593.735157, -2616.832731, 0.000000

Surface: s2
593.571372, -2616.867449, 0.000000
593.611032, -2617.042295, 0.230410
593.860199, -2617.546487, 0.230410
593.820523, -2617.371607, 0.000000

Surface: u
593.774828, -2617.007575, 0.230410
594.028856, -2617.521597, 0.230410
593.860199, -2617.546487, 0.230410
593.611032, -2617.042295, 0.230410

Surface: l
593.989169, -2617.346718, 0.000000
593.735157, -2616.832731, 0.000000
593.571372, -2616.867449, 0.000000
593.820523, -2617.371607, 0.000000

Segment: 5
Surface: w1
593.989169, -2617.346718, 0.000000
594.028856, -2617.521597, 0.230410
593.860199, -2617.546487, 0.230410
593.820523, -2617.371607, 0.000000

Surface: w2
593.787390, -2617.877935, 0.000000
593.827064, -2618.052849, 0.230410
593.660955, -2618.071014, 0.230410
593.621292, -2617.896099, 0.000000

Surface: s1
593.787390, -2617.877935, 0.000000
593.827064, -2618.052849, 0.230410
594.028856, -2617.521597, 0.230410
593.989169, -2617.346718, 0.000000

Surface: s2
593.820523, -2617.371607, 0.000000
593.860199, -2617.546487, 0.230410
593.660955, -2618.071014, 0.230410
593.621292, -2617.896099, 0.000000

Surface: u
594.028856, -2617.521597, 0.230410
593.827064, -2618.052849, 0.230410
593.660955, -2618.071014, 0.230410
593.860199, -2617.546487, 0.230410

Surface: l
593.787390, -2617.877935, 0.000000
593.989169, -2617.346718, 0.000000
593.820523, -2617.371607, 0.000000
593.621292, -2617.896099, 0.000000

Segment: 6
Surface: w1
593.787390, -2617.877935, 0.000000
593.827064, -2618.052849, 0.230410
593.660955, -2618.071014, 0.230410
593.621292, -2617.896099, 0.000000

Surface: w2
594.338755, -2619.850643, 0.000000
594.378466, -2620.025689, 0.230410
594.214361, -2620.051030, 0.230410
594.174661, -2619.875982, 0.000000

Surface: s1
594.338755, -2619.850643, 0.000000
594.378466, -2620.025689, 0.230410
593.827064, -2618.052849, 0.230410
593.787390, -2617.877935, 0.000000

Surface: s2
593.621292, -2617.896099, 0.000000
593.660955, -2618.071014, 0.230410
594.214361, -2620.051030, 0.230410
594.174661, -2619.875982, 0.000000

Surface: u
593.827064, -2618.052849, 0.230410
594.378466, -2620.025689, 0.230410
594.214361, -2620.051030, 0.230410
593.660955, -2618.071014, 0.230410

Surface: l
594.338755, -2619.850643, 0.000000
593.787390, -2617.877935, 0.000000
593.621292, -2617.896099, 0.000000
594.174661, -2619.875982, 0.000000

Segment: 7
Surface: w1
594.338755, -2619.850643, 0.000000
594.378466, -2620.025689, 0.230410
594.214361, -2620.051030, 0.230410
594.174661, -2619.875982, 0.000000

Surface: w2
594.278425, -2620.199764, 0.000000
594.318132, -2620.374834, 0.230410
594.149933, -2620.423844, 0.230410
594.110237, -2620.248771, 0.000000

Surface: s1
594.278425, -2620.199764, 0.000000
594.318132, -2620.374834, 0.230410
594.378466, -2620.025689, 0.230410
594.338755, -2619.850643, 0.000000

Surface: s2
594.174661, -2619.875982, 0.000000
594.214361, -2620.051030, 0.230410
594.149933, -2620.423844, 0.230410
594.110237, -2620.248771, 0.000000

Surface: u
594.378466, -2620.025689, 0.230410
594.318132, -2620.374834, 0.230410
594.149933, -2620.423844, 0.230410
594.214361, -2620.051030, 0.230410

Surface: l
594.278425, -2620.199764, 0.000000
594.338755, -2619.850643, 0.000000
594.174661, -2619.875982, 0.000000
594.110237, -2620.248771, 0.000000

Segment: 8
Surface: w1
594.278425, -2620.199764, 0.000000
594.318132, -2620.374834, 0.230410
594.149933, -2620.423844, 0.230410
594.110237, -2620.248771, 0.000000

Surface: w2
594.925481, -2620.736093, 0.000000
594.965231, -2620.911199, 0.230410
594.865186, -2621.016690, 0.230410
594.825442, -2620.841577, 0.000000

Surface: s1
594.925481, -2620.736093, 0.000000
594.965231, -2620.911199, 0.230410
594.318132, -2620.374834, 0.230410
594.278425, -2620.199764, 0.000000

Surface: s2
594.110237, -2620.248771, 0.000000
594.149933, -2620.423844, 0.230410
594.865186, -2621.016690, 0.230410
594.825442, -2620.841577, 0.000000

Surface: u
594.318132, -2620.374834, 0.230410
594.965231, -2620.911199, 0.230410
594.865186, -2621.016690, 0.230410
594.149933, -2620.423844, 0.230410

Surface: l
594.925481, -2620.736093, 0.000000
594.278425, -2620.199764, 0.000000
594.110237, -2620.248771, 0.000000
594.825442, -2620.841577, 0.000000

Segment: 9
Surface: w1
594.925481, -2620.736093, 0.000000
594.965231, -2620.911199, 0.230410
594.865186, -2621.016690, 0.230410
594.825442, -2620.841577, 0.000000

Surface: w2
596.602679, -2620.771310, 0.000000
596.642541, -2620.946418, 0.230410
596.652180, -2621.054202, 0.230410
596.612317, -2620.879086, 0.000000

Surface: s1
596.602679, -2620.771310, 0.000000
596.642541, -2620.946418, 0.230410
594.965231, -2620.911199, 0.230410
594.925481, -2620.736093, 0.000000

Surface: s2
594.825442, -2620.841577, 0.000000
594.865186, -2621.016690, 0.230410
596.652180, -2621.054202, 0.230410
596.612317, -2620.879086, 0.000000

Surface: u
594.965231, -2620.911199, 0.230410
596.642541, -2620.946418, 0.230410
596.652180, -2621.054202, 0.230410
594.865186, -2621.016690, 0.230410

Surface: l
596.602679, -2620.771310, 0.000000
594.925481, -2620.736093, 0.000000
594.825442, -2620.841577, 0.000000
596.612317, -2620.879086, 0.000000

Segment: 10
Surface: w1
596.602679, -2620.771310, 0.000000
596.642541, -2620.946418, 0.230410
596.652180, -2621.054202, 0.230410
596.612317, -2620.879086, 0.000000

Surface: w2
599.601109, -2619.651576, 0.000000
599.641172, -2619.826610, 0.230410
599.668848, -2619.927705, 0.230410
599.628784, -2619.752664, 0.000000

Surface: s1
599.601109, -2619.651576, 0.000000
599.641172, -2619.826610, 0.230410
596.642541, -2620.946418, 0.230410
596.602679, -2620.771310, 0.000000

Surface: s2
596.612317, -2620.879086, 0.000000
596.652180, -2621.054202, 0.230410
599.668848, -2619.927705, 0.230410
599.628784, -2619.752664, 0.000000

Surface: u
596.642541, -2620.946418, 0.230410
599.641172, -2619.826610, 0.230410
599.668848, -2619.927705, 0.230410
596.652180, -2621.054202, 0.230410

Surface: l
599.601109, -2619.651576, 0.000000
596.602679, -2620.771310, 0.000000
596.612317, -2620.879086, 0.000000
599.628784, -2619.752664, 0.000000

Segment: 11
Surface: w1
599.601109, -2619.651576, 0.000000
599.641172, -2619.826610, 0.230410
599.668848, -2619.927705, 0.230410
599.628784, -2619.752664, 0.000000

Surface: w2
601.312903, -2619.435493, 0.000000
601.353080, -2619.610512, 0.230410
601.324570, -2619.718705, 0.230410
601.284395, -2619.543678, 0.000000

Surface: s1
601.312903, -2619.435493, 0.000000
601.353080, -2619.610512, 0.230410
599.641172, -2619.826610, 0.230410
599.601109, -2619.651576, 0.000000

Surface: s2
599.628784, -2619.752664, 0.000000
599.668848, -2619.927705, 0.230410
601.324570, -2619.718705, 0.230410
601.284395, -2619.543678, 0.000000

Surface: u
599.641172, -2619.826610, 0.230410
601.353080, -2619.610512, 0.230410
601.324570, -2619.718705, 0.230410
599.668848, -2619.927705, 0.230410

Surface: l
601.312903, -2619.435493, 0.000000
599.601109, -2619.651576, 0.000000
599.628784, -2619.752664, 0.000000
601.284395, -2619.543678, 0.000000

Segment: 12
Surface: w1
601.312903, -2619.435493, 0.000000
601.353080, -2619.610512, 0.230410
601.324570, -2619.718705, 0.230410
601.284395, -2619.543678, 0.000000

Surface: w2
601.842212, -2619.480162, 0.000000
601.882425, -2619.655185, 0.230410
601.858727, -2619.763777, 0.230410
601.818516, -2619.588748, 0.000000

Surface: s1
601.842212, -2619.480162, 0.000000
601.882425, -2619.655185, 0.230410
601.353080, -2619.610512, 0.230410
601.312903, -2619.435493, 0.000000

Surface: s2
601.284395, -2619.543678, 0.000000
601.324570, -2619.718705, 0.230410
601.858727, -2619.763777, 0.230410
601.818516, -2619.588748, 0.000000

Surface: u
601.353080, -2619.610512, 0.230410
601.882425, -2619.655185, 0.230410
601.858727, -2619.763777, 0.230410
601.324570, -2619.718705, 0.230410

Surface: l
601.842212, -2619.480162, 0.000000
601.312903, -2619.435493, 0.000000
601.284395, -2619.543678, 0.000000
601.818516, -2619.588748, 0.000000

Segment: 13
Surface: w1
601.842212, -2619.480162, 0.000000
601.850829, -2619.517667, 0.049374
601.827133, -2619.626254, 0.049374
601.818516, -2619.588748, 0.000000

Surface: w2
602.726367, -2619.333394, 0.000000
602.734996, -2619.370897, 0.049374
602.751246, -2619.472854, 0.049374
602.742616, -2619.435350, 0.000000

Surface: s1
602.726367, -2619.333394, 0.000000
602.734996, -2619.370897, 0.049374
601.850829, -2619.517667, 0.049374
601.842212, -2619.480162, 0.000000

Surface: s2
601.818516, -2619.588748, 0.000000
601.827133, -2619.626254, 0.049374
602.751246, -2619.472854, 0.049374
602.742616, -2619.435350, 0.000000

Surface: u
601.850829, -2619.517667, 0.049374
602.734996, -2619.370897, 0.049374
602.751246, -2619.472854, 0.049374
601.827133, -2619.626254, 0.049374

Surface: l
602.726367, -2619.333394, 0.000000
601.842212, -2619.480162, 0.000000
601.818516, -2619.588748, 0.000000
602.742616, -2619.435350, 0.000000

Segment: 14
Surface: w1
602.726367, -2619.333394, 0.000000
602.734996, -2619.370897, 0.049374
602.751246, -2619.472854, 0.049374
602.742616, -2619.435350, 0.000000

Surface: w2
603.446561, -2619.161363, 0.000000
603.455201, -2619.198863, 0.049374
603.521621, -2619.288828, 0.049374
603.512980, -2619.251327, 0.000000

Surface: s1
603.446561, -2619.161363, 0.000000
603.455201, -2619.198863, 0.049374
602.734996, -2619.370897, 0.049374
602.726367, -2619.333394, 0.000000

Surface: s2
602.742616, -2619.435350, 0.000000
602.751246, -2619.472854, 0.049374
603.521621, -2619.288828, 0.049374
603.512980, -2619.251327, 0.000000

Surface: u
602.734996, -2619.370897, 0.049374
603.455201, -2619.198863, 0.049374
603.521621, -2619.288828, 0.049374
602.751246, -2619.472854, 0.049374

Surface: l
603.446561, -2619.161363, 0.000000
602.726367, -2619.333394, 0.000000
602.742616, -2619.435350, 0.000000
603.512980, -2619.251327, 0.000000

Segment: 15
Surface: w1
603.446561, -2619.161363, 0.000000
603.469601, -2619.261364, 0.131663
603.536023, -2619.351331, 0.131663
603.512980, -2619.251327, 0.000000

Surface: w2
604.582048, -2618.438925, 0.000000
604.605131, -2618.538898, 0.131663
604.681428, -2618.622603, 0.131663
604.658342, -2618.522627, 0.000000

Surface: s1
604.582048, -2618.438925, 0.000000
604.605131, -2618.538898, 0.131663
603.469601, -2619.261364, 0.131663
603.446561, -2619.161363, 0.000000

Surface: s2
603.512980, -2619.251327, 0.000000
603.536023, -2619.351331, 0.131663
604.681428, -2618.622603, 0.131663
604.658342, -2618.522627, 0.000000

Surface: u
603.469601, -2619.261364, 0.131663
604.605131, -2618.538898, 0.131663
604.681428, -2618.622603, 0.131663
603.536023, -2619.351331, 0.131663

Surface: l
604.582048, -2618.438925, 0.000000
603.446561, -2619.161363, 0.000000
603.512980, -2619.251327, 0.000000
604.658342, -2618.522627, 0.000000

Segment: 16
Surface: w1
604.582048, -2618.438925, 0.000000
604.605131, -2618.538898, 0.131663
604.681428, -2618.622603, 0.131663
604.658342, -2618.522627, 0.000000

Surface: w2
605.657256, -2618.074347, 0.000000
605.680380, -2618.174306, 0.131663
605.749008, -2618.260600, 0.131663
605.725882, -2618.160638, 0.000000

Surface: s1
605.657256, -2618.074347, 0.000000
605.680380, -2618.174306, 0.131663
604.605131, -2618.538898, 0.131663
604.582048, -2618.438925, 0.000000

Surface: s2
604.658342, -2618.522627, 0.000000
604.681428, -2618.622603, 0.131663
605.749008, -2618.260600, 0.131663
605.725882, -2618.160638, 0.000000

Surface: u
604.605131, -2618.538898, 0.131663
605.680380, -2618.174306, 0.131663
605.749008, -2618.260600, 0.131663
604.681428, -2618.622603, 0.131663

Surface: l
605.657256, -2618.074347, 0.000000
604.582048, -2618.438925, 0.000000
604.658342, -2618.522627, 0.000000
605.725882, -2618.160638, 0.000000

Segment: 17
Surface: w1
605.657256, -2618.074347, 0.000000
605.680380, -2618.174306, 0.131663
605.749008, -2618.260600, 0.131663
605.725882, -2618.160638, 0.000000

Surface: w2
606.727381, -2617.491897, 0.000000
606.750546, -2617.591834, 0.131663
606.816497, -2617.679598, 0.131663
606.793330, -2617.579658, 0.000000

Surface: s1
606.727381, -2617.491897, 0.000000
606.750546, -2617.591834, 0.131663
605.680380, -2618.174306, 0.131663
605.657256, -2618.074347, 0.000000

Surface: s2
605.725882, -2618.160638, 0.000000
605.749008, -2618.260600, 0.131663
606.816497, -2617.679598, 0.131663
606.793330, -2617.579658, 0.000000

Surface: u
605.680380, -2618.174306, 0.131663
606.750546, -2617.591834, 0.131663
606.816497, -2617.679598, 0.131663
605.749008, -2618.260600, 0.131663

Surface: l
606.727381, -2617.491897, 0.000000
605.657256, -2618.074347, 0.000000
605.725882, -2618.160638, 0.000000
606.793330, -2617.579658, 0.000000

Segment: 18
Surface: w1
606.727381, -2617.491897, 0.000000
606.750546, -2617.591834, 0.131663
606.816497, -2617.679598, 0.131663
606.793330, -2617.579658, 0.000000

Surface: w2
608.020654, -2617.087163, 0.000000
608.043869, -2617.187084, 0.131663
608.066570, -2617.288387, 0.131663
608.043355, -2617.188462, 0.000000

Surface: s1
608.020654, -2617.087163, 0.000000
608.043869, -2617.187084, 0.131663
606.750546, -2617.591834, 0.131663
606.727381, -2617.491897, 0.000000

Surface: s2
606.793330, -2617.579658, 0.000000
606.816497, -2617.679598, 0.131663
608.066570, -2617.288387, 0.131663
608.043355, -2617.188462, 0.000000

Surface: u
606.750546, -2617.591834, 0.131663
608.043869, -2617.187084, 0.131663
608.066570, -2617.288387, 0.131663
606.816497, -2617.679598, 0.131663

Surface: l
608.020654, -2617.087163, 0.000000
606.727381, -2617.491897, 0.000000
606.793330, -2617.579658, 0.000000
608.043355, -2617.188462, 0.000000

Segment: 19
Surface: w1
608.020654, -2617.087163, 0.000000
608.049672, -2617.212065, 0.164579
608.072374, -2617.313368, 0.164579
608.043355, -2617.188462, 0.000000

Surface: w2
608.772685, -2616.975937, 0.000000
608.801739, -2617.100833, 0.164579
608.840846, -2617.199701, 0.164579
608.811790, -2617.074800, 0.000000

Surface: s1
608.772685, -2616.975937, 0.000000
608.801739, -2617.100833, 0.164579
608.049672, -2617.212065, 0.164579
608.020654, -2617.087163, 0.000000

Surface: s2
608.043355, -2617.188462, 0.000000
608.072374, -2617.313368, 0.164579
608.840846, -2617.199701, 0.164579
608.811790, -2617.074800, 0.000000

Surface: u
608.049672, -2617.212065, 0.164579
608.801739, -2617.100833, 0.164579
608.840846, -2617.199701, 0.164579
608.072374, -2617.313368, 0.164579

Surface: l
608.772685, -2616.975937, 0.000000
608.020654, -2617.087163, 0.000000
608.043355, -2617.188462, 0.000000
608.811790, -2617.074800, 0.000000

Segment: 20
Surface: w1
608.772685, -2616.975937, 0.000000
608.801739, -2617.100833, 0.164579
608.840846, -2617.199701, 0.164579
608.811790, -2617.074800, 0.000000

Surface: w2
609.500149, -2616.642387, 0.000000
609.529237, -2616.767267, 0.164579
609.708567, -2616.801812, 0.164579
609.679470, -2616.676930, 0.000000

Surface: s1
609.500149, -2616.642387, 0.000000
609.529237, -2616.767267, 0.164579
608.801739, -2617.100833, 0.164579
608.772685, -2616.975937, 0.000000

Surface: s2
608.811790, -2617.074800, 0.000000
608.840846, -2617.199701, 0.164579
609.708567, -2616.801812, 0.164579
609.679470, -2616.676930, 0.000000

Surface: u
608.801739, -2617.100833, 0.164579
609.529237, -2616.767267, 0.164579
609.708567, -2616.801812, 0.164579
608.840846, -2617.199701, 0.164579

Surface: l
609.500149, -2616.642387, 0.000000
608.772685, -2616.975937, 0.000000
608.811790, -2617.074800, 0.000000
609.679470, -2616.676930, 0.000000

Segment: 21
Surface: w1
609.500149, -2616.642387, 0.000000
609.529237, -2616.767267, 0.164579
609.708567, -2616.801812, 0.164579
609.679470, -2616.676930, 0.000000

Surface: w2
608.458832, -2612.617504, 0.000000
608.487871, -2612.742192, 0.164579
608.657228, -2612.738205, 0.164579
608.628181, -2612.613518, 0.000000

Surface: s1
608.458832, -2612.617504, 0.000000
608.487871, -2612.742192, 0.164579
609.529237, -2616.767267, 0.164579
609.500149, -2616.642387, 0.000000

Surface: s2
609.679470, -2616.676930, 0.000000
609.708567, -2616.801812, 0.164579
608.657228, -2612.738205, 0.164579
608.628181, -2612.613518, 0.000000

Surface: u
609.529237, -2616.767267, 0.164579
608.487871, -2612.742192, 0.164579
608.657228, -2612.738205, 0.164579
609.708567, -2616.801812, 0.164579

Surface: l
608.458832, -2612.617504, 0.000000
609.500149, -2616.642387, 0.000000
609.679470, -2616.676930, 0.000000
608.628181, -2612.613518, 0.000000

Segment: 22
Surface: w1
608.458832, -2612.617504, 0.000000
608.487871, -2612.742192, 0.164579
608.657228, -2612.738205, 0.164579
608.628181, -2612.613518, 0.000000

Surface: w2
609.359191, -2611.459132, 0.000000
609.388273, -2611.583764, 0.164579
609.568697, -2611.565472, 0.164579
609.539607, -2611.440841, 0.000000

Surface: s1
609.359191, -2611.459132, 0.000000
609.388273, -2611.583764, 0.164579
608.487871, -2612.742192, 0.164579
608.458832, -2612.617504, 0.000000

Surface: s2
608.628181, -2612.613518, 0.000000
608.657228, -2612.738205, 0.164579
609.568697, -2611.565472, 0.164579
609.539607, -2611.440841, 0.000000

Surface: u
608.487871, -2612.742192, 0.164579
609.388273, -2611.583764, 0.164579
609.568697, -2611.565472, 0.164579
608.657228, -2612.738205, 0.164579

Surface: l
609.359191, -2611.459132, 0.000000
608.458832, -2612.617504, 0.000000
608.628181, -2612.613518, 0.000000
609.539607, -2611.440841, 0.000000

Segment: 23
Surface: w1
609.359191, -2611.459132, 0.000000
609.388273, -2611.583764, 0.164579
609.568697, -2611.565472, 0.164579
609.539607, -2611.440841, 0.000000

Surface: w2
608.927991, -2610.853208, 0.000000
608.957052, -2610.977811, 0.164579
609.094290, -2610.898834, 0.164579
609.065223, -2610.774235, 0.000000

Surface: s1
608.927991, -2610.853208, 0.000000
608.957052, -2610.977811, 0.164579
609.388273, -2611.583764, 0.164579
609.359191, -2611.459132, 0.000000

Surface: s2
609.539607, -2611.440841, 0.000000
609.568697, -2611.565472, 0.164579
609.094290, -2610.898834, 0.164579
609.065223, -2610.774235, 0.000000

Surface: u
609.388273, -2611.583764, 0.164579
608.957052, -2610.977811, 0.164579
609.094290, -2610.898834, 0.164579
609.568697, -2611.565472, 0.164579

Surface: l
608.927991, -2610.853208, 0.000000
609.359191, -2611.459132, 0.000000
609.539607, -2611.440841, 0.000000
609.065223, -2610.774235, 0.000000

Segment: 24
Surface: w1
608.927991, -2610.853208, 0.000000
608.957052, -2610.977811, 0.164579
609.094290, -2610.898834, 0.164579
609.065223, -2610.774235, 0.000000

Surface: w2
608.041664, -2610.409620, 0.000000
608.070682, -2610.534202, 0.164579
608.185905, -2610.444211, 0.164579
608.156881, -2610.319633, 0.000000

Surface: s1
608.041664, -2610.409620, 0.000000
608.070682, -2610.534202, 0.164579
608.957052, -2610.977811, 0.164579
608.927991, -2610.853208, 0.000000

Surface: s2
609.065223, -2610.774235, 0.000000
609.094290, -2610.898834, 0.164579
608.185905, -2610.444211, 0.164579
608.156881, -2610.319633, 0.000000

Surface: u
608.957052, -2610.977811, 0.164579
608.070682, -2610.534202, 0.164579
608.185905, -2610.444211, 0.164579
609.094290, -2610.898834, 0.164579

Surface: l
608.041664, -2610.409620, 0.000000
608.927991, -2610.853208, 0.000000
609.065223, -2610.774235, 0.000000
608.156881, -2610.319633, 0.000000

Segment: 25
Surface: w1
608.041664, -2610.409620, 0.000000
608.082290, -2610.584035, 0.230410
608.197514, -2610.494042, 0.230410
608.156881, -2610.319633, 0.000000

Surface: w2
606.767015, -2609.740209, 0.000000
606.807556, -2609.914579, 0.230410
606.882564, -2609.803439, 0.230410
606.842018, -2609.629077, 0.000000

Surface: s1
606.767015, -2609.740209, 0.000000
606.807556, -2609.914579, 0.230410
608.082290, -2610.584035, 0.230410
608.041664, -2610.409620, 0.000000

Surface: s2
608.156881, -2610.319633, 0.000000
608.197514, -2610.494042, 0.230410
606.882564, -2609.803439, 0.230410
606.842018, -2609.629077, 0.000000

Surface: u
608.082290, -2610.584035, 0.230410
606.807556, -2609.914579, 0.230410
606.882564, -2609.803439, 0.230410
608.197514, -2610.494042, 0.230410

Surface: l
606.767015, -2609.740209, 0.000000
608.041664, -2610.409620, 0.000000
608.156881, -2610.319633, 0.000000
606.842018, -2609.629077, 0.000000

Segment: 26
Surface: w1
606.767015, -2609.740209, 0.000000
606.807556, -2609.914579, 0.230410
606.882564, -2609.803439, 0.230410
606.842018, -2609.629077, 0.000000

Surface: w2
605.351219, -2609.844073, 0.000000
605.391665, -2610.018449, 0.230410
605.371800, -2609.914265, 0.230410
605.331355, -2609.739896, 0.000000

Surface: s1
605.351219, -2609.844073, 0.000000
605.391665, -2610.018449, 0.230410
606.807556, -2609.914579, 0.230410
606.767015, -2609.740209, 0.000000

Surface: s2
606.842018, -2609.629077, 0.000000
606.882564, -2609.803439, 0.230410
605.371800, -2609.914265, 0.230410
605.331355, -2609.739896, 0.000000

Surface: u
606.807556, -2609.914579, 0.230410
605.391665, -2610.018449, 0.230410
605.371800, -2609.914265, 0.230410
606.882564, -2609.803439, 0.230410

Surface: l
605.351219, -2609.844073, 0.000000
606.767015, -2609.740209, 0.000000
606.842018, -2609.629077, 0.000000
605.331355, -2609.739896, 0.000000

Segment: 27
Surface: w1
605.351219, -2609.844073, 0.000000
605.391665, -2610.018449, 0.230410
605.371800, -2609.914265, 0.230410
605.331355, -2609.739896, 0.000000

Surface: w2
604.152161, -2610.282910, 0.000000
604.192527, -2610.457316, 0.230410
604.166707, -2610.355327, 0.230410
604.126342, -2610.180929, 0.000000

Surface: s1
604.152161, -2610.282910, 0.000000
604.192527, -2610.457316, 0.230410
605.391665, -2610.018449, 0.230410
605.351219, -2609.844073, 0.000000

Surface: s2
605.331355, -2609.739896, 0.000000
605.371800, -2609.914265, 0.230410
604.166707, -2610.355327, 0.230410
604.126342, -2610.180929, 0.000000

Surface: u
605.391665, -2610.018449, 0.230410
604.192527, -2610.457316, 0.230410
604.166707, -2610.355327, 0.230410
605.371800, -2609.914265, 0.230410

Surface: l
604.152161, -2610.282910, 0.000000
605.351219, -2609.844073, 0.000000
605.331355, -2609.739896, 0.000000
604.126342, -2610.180929, 0.000000

Segment: 28
Surface: w1
604.152161, -2610.282910, 0.000000
604.192527, -2610.457316, 0.230410
604.166707, -2610.355327, 0.230410
604.126342, -2610.180929, 0.000000

Surface: w2
603.508971, -2610.360969, 0.000000
603.549294, -2610.535380, 0.230410
603.518233, -2610.434019, 0.230410
603.477912, -2610.259615, 0.000000

Surface: s1
603.508971, -2610.360969, 0.000000
603.549294, -2610.535380, 0.230410
604.192527, -2610.457316, 0.230410
604.152161, -2610.282910, 0.000000

Surface: s2
604.126342, -2610.180929, 0.000000
604.166707, -2610.355327, 0.230410
603.518233, -2610.434019, 0.230410
603.477912, -2610.259615, 0.000000

Surface: u
604.192527, -2610.457316, 0.230410
603.549294, -2610.535380, 0.230410
603.518233, -2610.434019, 0.230410
604.166707, -2610.355327, 0.230410

Surface: l
603.508971, -2610.360969, 0.000000
604.152161, -2610.282910, 0.000000
604.126342, -2610.180929, 0.000000
603.477912, -2610.259615, 0.000000

Segment: 29
Surface: w1
603.508971, -2610.360969, 0.000000
603.549294, -2610.535380, 0.230410
603.518233, -2610.434019, 0.230410
603.477912, -2610.259615, 0.000000

Surface: w2
602.512995, -2610.770922, 0.000000
602.553252, -2610.945360, 0.230410
602.512746, -2610.847899, 0.230410
602.472492, -2610.673467, 0.000000

Surface: s1
602.512995, -2610.770922, 0.000000
602.553252, -2610.945360, 0.230410
603.549294, -2610.535380, 0.230410
603.508971, -2610.360969, 0.000000

Surface: s2
603.477912, -2610.259615, 0.000000
603.518233, -2610.434019, 0.230410
602.512746, -2610.847899, 0.230410
602.472492, -2610.673467, 0.000000

Surface: u
603.549294, -2610.535380, 0.230410
602.553252, -2610.945360, 0.230410
602.512746, -2610.847899, 0.230410
603.518233, -2610.434019, 0.230410

Surface: l
602.512995, -2610.770922, 0.000000
603.508971, -2610.360969, 0.000000
603.477912, -2610.259615, 0.000000
602.472492, -2610.673467, 0.000000

Segment: 30
Surface: w1
602.512995, -2610.770922, 0.000000
602.553252, -2610.945360, 0.230410
602.512746, -2610.847899, 0.230410
602.472492, -2610.673467, 0.000000

Surface: w2
601.452312, -2610.983271, 0.000000
601.492497, -2611.157723, 0.230410
601.447931, -2611.061063, 0.230410
601.407748, -2610.886618, 0.000000

Surface: s1
601.452312, -2610.983271, 0.000000
601.492497, -2611.157723, 0.230410
602.553252, -2610.945360, 0.230410
602.512995, -2610.770922, 0.000000

Surface: s2
602.472492, -2610.673467, 0.000000
602.512746, -2610.847899, 0.230410
601.447931, -2611.061063, 0.230410
601.407748, -2610.886618, 0.000000

Surface: u
602.553252, -2610.945360, 0.230410
601.492497, -2611.157723, 0.230410
601.447931, -2611.061063, 0.230410
602.512746, -2610.847899, 0.230410

Surface: l
601.452312, -2610.983271, 0.000000
602.512995, -2610.770922, 0.000000
602.472492, -2610.673467, 0.000000
601.407748, -2610.886618, 0.000000

Segment: 31
Surface: w1
601.452312, -2610.983271, 0.000000
601.492497, -2611.157723, 0.230410
601.447931, -2611.061063, 0.230410
601.407748, -2610.886618, 0.000000

Surface: w2
601.011554, -2611.181265, 0.000000
601.051711, -2611.355730, 0.230410
601.004384, -2611.260317, 0.230410
600.964231, -2611.085857, 0.000000

Surface: s1
601.011554, -2611.181265, 0.000000
601.051711, -2611.355730, 0.230410
601.492497, -2611.157723, 0.230410
601.452312, -2610.983271, 0.000000

Surface: s2
601.407748, -2610.886618, 0.000000
601.447931, -2611.061063, 0.230410
601.004384, -2611.260317, 0.230410
600.964231, -2611.085857, 0.000000

Surface: u
601.492497, -2611.157723, 0.230410
601.051711, -2611.355730, 0.230410
601.004384, -2611.260317, 0.230410
601.447931, -2611.061063, 0.230410

Surface: l
601.011554, -2611.181265, 0.000000
601.452312, -2610.983271, 0.000000
601.407748, -2610.886618, 0.000000
600.964231, -2611.085857, 0.000000

Segment: 32
Surface: w1
601.011554, -2611.181265, 0.000000
601.051711, -2611.355730, 0.230410
601.004384, -2611.260317, 0.230410
600.964231, -2611.085857, 0.000000

Surface: w2
599.986835, -2611.410614, 0.000000
600.026923, -2611.585094, 0.230410
599.929766, -2611.500807, 0.230410
599.889684, -2611.326332, 0.000000

Surface: s1
599.986835, -2611.410614, 0.000000
600.026923, -2611.585094, 0.230410
601.051711, -2611.355730, 0.230410
601.011554, -2611.181265, 0.000000

Surface: s2
600.964231, -2611.085857, 0.000000
601.004384, -2611.260317, 0.230410
599.929766, -2611.500807, 0.230410
599.889684, -2611.326332, 0.000000

Surface: u
601.051711, -2611.355730, 0.230410
600.026923, -2611.585094, 0.230410
599.929766, -2611.500807, 0.230410
601.004384, -2611.260317, 0.230410

Surface: l
599.986835, -2611.410614, 0.000000
601.011554, -2611.181265, 0.000000
600.964231, -2611.085857, 0.000000
599.889684, -2611.326332, 0.000000

Segment: 33
Surface: w1
599.986835, -2611.410614, 0.000000
600.026923, -2611.585094, 0.230410
599.929766, -2611.500807, 0.230410
599.889684, -2611.326332, 0.000000

Surface: w2
599.689526, -2611.757746, 0.000000
599.729594, -2611.932250, 0.230410
599.621652, -2611.860572, 0.230410
599.581591, -2611.686073, 0.000000

Surface: s1
599.689526, -2611.757746, 0.000000
599.729594, -2611.932250, 0.230410
600.026923, -2611.585094, 0.230410
599.986835, -2611.410614, 0.000000

Surface: s2
599.889684, -2611.326332, 0.000000
599.929766, -2611.500807, 0.230410
599.621652, -2611.860572, 0.230410
599.581591, -2611.686073, 0.000000

Surface: u
600.026923, -2611.585094, 0.230410
599.729594, -2611.932250, 0.230410
599.621652, -2611.860572, 0.230410
599.929766, -2611.500807, 0.230410

Surface: l
599.689526, -2611.757746, 0.000000
599.986835, -2611.410614, 0.000000
599.889684, -2611.326332, 0.000000
599.581591, -2611.686073, 0.000000

Segment: 34
Surface: w1
599.689526, -2611.757746, 0.000000
599.729594, -2611.932250, 0.230410
599.621652, -2611.860572, 0.230410
599.581591, -2611.686073, 0.000000

Surface: w2
599.127238, -2611.966407, 0.000000
599.167269, -2612.140925, 0.230410
599.181599, -2612.023880, 0.230410
599.141567, -2611.849370, 0.000000

Surface: s1
599.127238, -2611.966407, 0.000000
599.167269, -2612.140925, 0.230410
599.729594, -2611.932250, 0.230410
599.689526, -2611.757746, 0.000000

Surface: s2
599.581591, -2611.686073, 0.000000
599.621652, -2611.860572, 0.230410
599.181599, -2612.023880, 0.230410
599.141567, -2611.849370, 0.000000

Surface: u
599.729594, -2611.932250, 0.230410
599.167269, -2612.140925, 0.230410
599.181599, -2612.023880, 0.230410
599.621652, -2611.860572, 0.230410

Surface: l
599.127238, -2611.966407, 0.000000
599.689526, -2611.757746, 0.000000
599.581591, -2611.686073, 0.000000
599.141567, -2611.849370, 0.000000

Segment: 35
Surface: w1
599.127238, -2611.966407, 0.000000
599.167269, -2612.140925, 0.230410
599.181599, -2612.023880, 0.230410
599.141567, -2611.849370, 0.000000

Surface: w2
598.035032, -2611.721581, 0.000000
598.074989, -2611.896082, 0.230410
598.082054, -2611.777373, 0.230410
598.042096, -2611.602879, 0.000000

Surface: s1
598.035032, -2611.721581, 0.000000
598.074989, -2611.896082, 0.230410
599.167269, -2612.140925, 0.230410
599.127238, -2611.966407, 0.000000

Surface: s2
599.141567, -2611.849370, 0.000000
599.181599, -2612.023880, 0.230410
598.082054, -2611.777373, 0.230410
598.042096, -2611.602879, 0.000000

Surface: u
599.167269, -2612.140925, 0.230410
598.074989, -2611.896082, 0.230410
598.082054, -2611.777373, 0.230410
599.181599, -2612.023880, 0.230410

Surface: l
598.035032, -2611.721581, 0.000000
599.127238, -2611.966407, 0.000000
599.141567, -2611.849370, 0.000000
598.042096, -2611.602879, 0.000000

Segment: 36
Surface: w1
598.035032, -2611.721581, 0.000000
598.074989, -2611.896082, 0.230410
598.082054, -2611.777373, 0.230410
598.042096, -2611.602879, 0.000000

Surface: w2
597.688492, -2611.871848, 0.000000
597.728426, -2612.046360, 0.230410
597.672136, -2611.955129, 0.230410
597.632205, -2611.780624, 0.000000

Surface: s1
597.688492, -2611.871848, 0.000000
597.728426, -2612.046360, 0.230410
598.074989, -2611.896082, 0.230410
598.035032, -2611.721581, 0.000000

Surface: s2
598.042096, -2611.602879, 0.000000
598.082054, -2611.777373, 0.230410
597.672136, -2611.955129, 0.230410
597.632205, -2611.780624, 0.000000

Surface: u
598.074989, -2611.896082, 0.230410
597.728426, -2612.046360, 0.230410
597.672136, -2611.955129, 0.230410
598.082054, -2611.777373, 0.230410

Surface: l
597.688492, -2611.871848, 0.000000
598.035032, -2611.721581, 0.000000
598.042096, -2611.602879, 0.000000
597.632205, -2611.780624, 0.000000

Segment: 37
Surface: w1
597.688492, -2611.871848, 0.000000
597.728426, -2612.046360, 0.230410
597.672136, -2611.955129, 0.230410
597.632205, -2611.780624, 0.000000

Surface: w2
595.987389, -2612.412179, 0.000000
596.027210, -2612.586727, 0.230410
595.899554, -2612.518116, 0.230410
595.859742, -2612.343573, 0.000000

Surface: s1
595.987389, -2612.412179, 0.000000
596.027210, -2612.586727, 0.230410
597.728426, -2612.046360, 0.230410
597.688492, -2611.871848, 0.000000

Surface: s2
597.632205, -2611.780624, 0.000000
597.672136, -2611.955129, 0.230410
595.899554, -2612.518116, 0.230410
595.859742, -2612.343573, 0.000000

Surface: u
597.728426, -2612.046360, 0.230410
596.027210, -2612.586727, 0.230410
595.899554, -2612.518116, 0.230410
597.672136, -2611.955129, 0.230410

Surface: l
595.987389, -2612.412179, 0.000000
597.688492, -2611.871848, 0.000000
597.632205, -2611.780624, 0.000000
595.859742, -2612.343573, 0.000000

Segment: 38
Surface: w1
595.987389, -2612.412179, 0.000000
596.027210, -2612.586727, 0.230410
595.899554, -2612.518116, 0.230410
595.859742, -2612.343573, 0.000000

Surface: w2
595.748375, -2612.919837, 0.000000
595.788180, -2613.094419, 0.230410
595.621468, -2613.108761, 0.230410
595.581674, -2612.934179, 0.000000

Surface: s1
595.748375, -2612.919837, 0.000000
595.788180, -2613.094419, 0.230410
596.027210, -2612.586727, 0.230410
595.987389, -2612.412179, 0.000000

Surface: s2
595.859742, -2612.343573, 0.000000
595.899554, -2612.518116, 0.230410
595.621468, -2613.108761, 0.230410
595.581674, -2612.934179, 0.000000

Surface: u
596.027210, -2612.586727, 0.230410
595.788180, -2613.094419, 0.230410
595.621468, -2613.108761, 0.230410
595.899554, -2612.518116, 0.230410

Surface: l
595.748375, -2612.919837, 0.000000
595.987389, -2612.412179, 0.000000
595.859742, -2612.343573, 0.000000
595.581674, -2612.934179, 0.000000

Segment: 39
Surface: w1
595.748375, -2612.919837, 0.000000
595.788180, -2613.094419, 0.230410
595.621468, -2613.108761, 0.230410
595.581674, -2612.934179, 0.000000

Surface: w2
595.882836, -2613.436174, 0.000000
595.922650, -2613.610790, 0.230410
595.743780, -2613.578450, 0.230410
595.703978, -2613.403836, 0.000000

Surface: s1
595.882836, -2613.436174, 0.000000
595.922650, -2613.610790, 0.230410
595.788180, -2613.094419, 0.230410
595.748375, -2612.919837, 0.000000

Surface: s2
595.581674, -2612.934179, 0.000000
595.621468, -2613.108761, 0.230410
595.743780, -2613.578450, 0.230410
595.703978, -2613.403836, 0.000000

Surface: u
595.788180, -2613.094419, 0.230410
595.922650, -2613.610790, 0.230410
595.743780, -2613.578450, 0.230410
595.621468, -2613.108761, 0.230410

Surface: l
595.882836, -2613.436174, 0.000000
595.748375, -2612.919837, 0.000000
595.581674, -2612.934179, 0.000000
595.703978, -2613.403836, 0.000000

Segment: 40
Surface: w1
595.882836, -2613.436174, 0.000000
595.922650, -2613.610790, 0.230410
595.743780, -2613.578450, 0.230410
595.703978, -2613.403836, 0.000000

Surface: w2
595.097228, -2613.818988, 0.000000
595.136989, -2613.993630, 0.230410
594.988921, -2613.946249, 0.230410
594.949169, -2613.771610, 0.000000

Surface: s1
595.097228, -2613.818988, 0.000000
595.136989, -2613.993630, 0.230410
595.922650, -2613.610790, 0.230410
595.882836, -2613.436174, 0.000000

Surface: s2
595.703978, -2613.403836, 0.000000
595.743780, -2613.578450, 0.230410
594.988921, -2613.946249, 0.230410
594.949169, -2613.771610, 0.000000

Surface: u
595.922650, -2613.610790, 0.230410
595.136989, -2613.993630, 0.230410
594.988921, -2613.946249, 0.230410
595.743780, -2613.578450, 0.230410

Surface: l
595.097228, -2613.818988, 0.000000
595.882836, -2613.436174, 0.000000
595.703978, -2613.403836, 0.000000
594.949169, -2613.771610, 0.000000

Segment: 41
Surface: w1
595.097228, -2613.818988, 0.000000
595.136989, -2613.993630, 0.230410
594.988921, -2613.946249, 0.230410
594.949169, -2613.771610, 0.000000

Surface: w2
594.981325, -2614.310173, 0.000000
595.021078, -2614.484848, 0.230410
594.860551, -2614.490281, 0.230410
594.820808, -2614.315606, 0.000000

Surface: s1
594.981325, -2614.310173, 0.000000
595.021078, -2614.484848, 0.230410
595.136989, -2613.993630, 0.230410
595.097228, -2613.818988, 0.000000

Surface: s2
594.949169, -2613.771610, 0.000000
594.988921, -2613.946249, 0.230410
594.860551, -2614.490281, 0.230410
594.820808, -2614.315606, 0.000000

Surface: u
595.136989, -2613.993630, 0.230410
595.021078, -2614.484848, 0.230410
594.860551, -2614.490281, 0.230410
594.988921, -2613.946249, 0.230410

Surface: l
594.981325, -2614.310173, 0.000000
595.097228, -2613.818988, 0.000000
594.949169, -2613.771610, 0.000000
594.820808, -2614.315606, 0.000000

Identifier: HeliC5
Segment: 1
Surface: w1
596.548326, -2620.786748, 0.000000
596.588185, -2620.961857, 0.230410
596.728697, -2620.995203, 0.230410
596.688829, -2620.820091, 0.000000

Surface: w2
597.131597, -2620.061004, 0.000000
597.171495, -2620.236064, 0.230410
597.294986, -2620.290601, 0.230410
597.255080, -2620.115537, 0.000000

Surface: s1
597.131597, -2620.061004, 0.000000
597.171495, -2620.236064, 0.230410
596.588185, -2620.961857, 0.230410
596.548326, -2620.786748, 0.000000

Surface: s2
596.688829, -2620.820091, 0.000000
596.728697, -2620.995203, 0.230410
597.294986, -2620.290601, 0.230410
597.255080, -2620.115537, 0.000000

Surface: u
596.588185, -2620.961857, 0.230410
597.171495, -2620.236064, 0.230410
597.294986, -2620.290601, 0.230410
596.728697, -2620.995203, 0.230410

Surface: l
597.131597, -2620.061004, 0.000000
596.548326, -2620.786748, 0.000000
596.688829, -2620.820091, 0.000000
597.255080, -2620.115537, 0.000000

Segment: 2
Surface: w1
597.131597, -2620.061004, 0.000000
597.171495, -2620.236064, 0.230410
597.294986, -2620.290601, 0.230410
597.255080, -2620.115537, 0.000000

Surface: w2
598.032185, -2619.512689, 0.000000
598.072143, -2619.687713, 0.230410
598.182511, -2619.750230, 0.230410
598.142546, -2619.575201, 0.000000

Surface: s1
598.032185, -2619.512689, 0.000000
598.072143, -2619.687713, 0.230410
597.171495, -2620.236064, 0.230410
597.131597, -2620.061004, 0.000000

Surface: s2
597.255080, -2620.115537, 0.000000
597.294986, -2620.290601, 0.230410
598.182511, -2619.750230, 0.230410
598.142546, -2619.575201, 0.000000

Surface: u
597.171495, -2620.236064, 0.230410
598.072143, -2619.687713, 0.230410
598.182511, -2619.750230, 0.230410
597.294986, -2620.290601, 0.230410

Surface: l
598.032185, -2619.512689, 0.000000
597.131597, -2620.061004, 0.000000
597.255080, -2620.115537, 0.000000
598.142546, -2619.575201, 0.000000

Segment: 3
Surface: w1
598.032185, -2619.512689, 0.000000
598.072143, -2619.687713, 0.230410
598.182511, -2619.750230, 0.230410
598.142546, -2619.575201, 0.000000

Surface: w2
598.575004, -2619.041169, 0.000000
598.614998, -2619.216162, 0.230410
598.723420, -2619.280376, 0.230410
598.683419, -2619.105379, 0.000000

Surface: s1
598.575004, -2619.041169, 0.000000
598.614998, -2619.216162, 0.230410
598.072143, -2619.687713, 0.230410
598.032185, -2619.512689, 0.000000

Surface: s2
598.142546, -2619.575201, 0.000000
598.182511, -2619.750230, 0.230410
598.723420, -2619.280376, 0.230410
598.683419, -2619.105379, 0.000000

Surface: u
598.072143, -2619.687713, 0.230410
598.614998, -2619.216162, 0.230410
598.723420, -2619.280376, 0.230410
598.182511, -2619.750230, 0.230410

Surface: l
598.575004, -2619.041169, 0.000000
598.032185, -2619.512689, 0.000000
598.142546, -2619.575201, 0.000000
598.683419, -2619.105379, 0.000000

Segment: 4
Surface: w1
598.575004, -2619.041169, 0.000000
598.614998, -2619.216162, 0.230410
598.723420, -2619.280376, 0.230410
598.683419, -2619.105379, 0.000000

Surface: w2
600.181122, -2618.117555, 0.000000
600.221224, -2618.292486, 0.230410
600.347647, -2618.346318, 0.230410
600.307537, -2618.171384, 0.000000

Surface: s1
600.181122, -2618.117555, 0.000000
600.221224, -2618.292486, 0.230410
598.614998, -2619.216162, 0.230410
598.575004, -2619.041169, 0.000000

Surface: s2
598.683419, -2619.105379, 0.000000
598.723420, -2619.280376, 0.230410
600.347647, -2618.346318, 0.230410
600.307537, -2618.171384, 0.000000

Surface: u
598.614998, -2619.216162, 0.230410
600.221224, -2618.292486, 0.230410
600.347647, -2618.346318, 0.230410
598.723420, -2619.280376, 0.230410

Surface: l
600.181122, -2618.117555, 0.000000
598.575004, -2619.041169, 0.000000
598.683419, -2619.105379, 0.000000
600.307537, -2618.171384, 0.000000

Segment: 5
Surface: w1
600.181122, -2618.117555, 0.000000
600.192580, -2618.167536, 0.065832
600.318997, -2618.221365, 0.065832
600.307537, -2618.171384, 0.000000

Surface: w2
600.411040, -2617.789532, 0.000000
600.422502, -2617.839506, 0.065832
600.572267, -2617.860026, 0.065832
600.560802, -2617.810052, 0.000000

Surface: s1
600.411040, -2617.789532, 0.000000
600.422502, -2617.839506, 0.065832
600.192580, -2618.167536, 0.065832
600.181122, -2618.117555, 0.000000

Surface: s2
600.307537, -2618.171384, 0.000000
600.318997, -2618.221365, 0.065832
600.572267, -2617.860026, 0.065832
600.560802, -2617.810052, 0.000000

Surface: u
600.192580, -2618.167536, 0.065832
600.422502, -2617.839506, 0.065832
600.572267, -2617.860026, 0.065832
600.318997, -2618.221365, 0.065832

Surface: l
600.411040, -2617.789532, 0.000000
600.181122, -2618.117555, 0.000000
600.307537, -2618.171384, 0.000000
600.560802, -2617.810052, 0.000000

Segment: 6
Surface: w1
600.411040, -2617.789532, 0.000000
600.422502, -2617.839506, 0.065832
600.572267, -2617.860026, 0.065832
600.560802, -2617.810052, 0.000000

Surface: w2
600.890880, -2616.852712, 0.000000
600.902351, -2616.902668, 0.065832
601.055446, -2616.916692, 0.065832
601.043972, -2616.866736, 0.000000

Surface: s1
600.890880, -2616.852712, 0.000000
600.902351, -2616.902668, 0.065832
600.422502, -2617.839506, 0.065832
600.411040, -2617.789532, 0.000000

Surface: s2
600.560802, -2617.810052, 0.000000
600.572267, -2617.860026, 0.065832
601.055446, -2616.916692, 0.065832
601.043972, -2616.866736, 0.000000

Surface: u
600.422502, -2617.839506, 0.065832
600.902351, -2616.902668, 0.065832
601.055446, -2616.916692, 0.065832
600.572267, -2617.860026, 0.065832

Surface: l
600.890880, -2616.852712, 0.000000
600.411040, -2617.789532, 0.000000
600.560802, -2617.810052, 0.000000
601.043972, -2616.866736, 0.000000

Identifier: HeliC6
Segment: 1
Surface: w1
598.733889, -2618.345151, 0.230410
598.739603, -2618.370142, 0.263326
598.765224, -2618.469995, 0.263326
598.759509, -2618.445004, 0.230410

Surface: w2
600.530879, -2617.914339, 0.230410
600.536611, -2617.939325, 0.263326
600.569829, -2618.037353, 0.263326
600.564097, -2618.012366, 0.230410

Surface: s1
600.530879, -2617.914339, 0.230410
600.536611, -2617.939325, 0.263326
598.739603, -2618.370142, 0.263326
598.733889, -2618.345151, 0.230410

Surface: s2
598.759509, -2618.445004, 0.230410
598.765224, -2618.469995, 0.263326
600.569829, -2618.037353, 0.263326
600.564097, -2618.012366, 0.230410

Surface: u
598.739603, -2618.370142, 0.263326
600.536611, -2617.939325, 0.263326
600.569829, -2618.037353, 0.263326
598.765224, -2618.469995, 0.263326

Surface: l
600.530879, -2617.914339, 0.230410
598.733889, -2618.345151, 0.230410
598.759509, -2618.445004, 0.230410
600.564097, -2618.012366, 0.230410

Segment: 2
Surface: w1
600.530879, -2617.914339, 0.230410
600.536611, -2617.939325, 0.263326
600.569829, -2618.037353, 0.263326
600.564097, -2618.012366, 0.230410

Surface: w2
602.624168, -2617.278734, 0.230410
602.629920, -2617.303715, 0.263326
602.658031, -2617.403303, 0.263326
602.652279, -2617.378322, 0.230410

Surface: s1
602.624168, -2617.278734, 0.230410
602.629920, -2617.303715, 0.263326
600.536611, -2617.939325, 0.263326
600.530879, -2617.914339, 0.230410

Surface: s2
600.564097, -2618.012366, 0.230410
600.569829, -2618.037353, 0.263326
602.658031, -2617.403303, 0.263326
602.652279, -2617.378322, 0.230410

Surface: u
600.536611, -2617.939325, 0.263326
602.629920, -2617.303715, 0.263326
602.658031, -2617.403303, 0.263326
600.569829, -2618.037353, 0.263326

Surface: l
602.624168, -2617.278734, 0.230410
600.530879, -2617.914339, 0.230410
600.564097, -2618.012366, 0.230410
602.652279, -2617.378322, 0.230410

Segment: 3
Surface: w1
602.624168, -2617.278734, 0.230410
602.629920, -2617.303715, 0.263326
602.658031, -2617.403303, 0.263326
602.652279, -2617.378322, 0.230410

Surface: w2
603.442854, -2617.116511, 0.230410
603.448613, -2617.141490, 0.263326
603.434170, -2617.249516, 0.263326
603.428411, -2617.224536, 0.230410

Surface: s1
603.442854, -2617.116511, 0.230410
603.448613, -2617.141490, 0.263326
602.629920, -2617.303715, 0.263326
602.624168, -2617.278734, 0.230410

Surface: s2
602.652279, -2617.378322, 0.230410
602.658031, -2617.403303, 0.263326
603.434170, -2617.249516, 0.263326
603.428411, -2617.224536, 0.230410

Surface: u
602.629920, -2617.303715, 0.263326
603.448613, -2617.141490, 0.263326
603.434170, -2617.249516, 0.263326
602.658031, -2617.403303, 0.263326

Surface: l
603.442854, -2617.116511, 0.230410
602.624168, -2617.278734, 0.230410
602.652279, -2617.378322, 0.230410
603.428411, -2617.224536, 0.230410

Segment: 4
Surface: w1
603.402537, -2616.941659, 0.000000
603.442854, -2617.116511, 0.230410
603.428411, -2617.224536, 0.230410
603.388095, -2617.049677, 0.000000

Surface: w2
608.046779, -2617.124510, 0.000000
608.087406, -2617.299375, 0.230410
608.044408, -2617.406259, 0.230410
608.003784, -2617.231388, 0.000000

Surface: s1
608.046779, -2617.124510, 0.000000
608.087406, -2617.299375, 0.230410
603.442854, -2617.116511, 0.230410
603.402537, -2616.941659, 0.000000

Surface: s2
603.388095, -2617.049677, 0.000000
603.428411, -2617.224536, 0.230410
608.044408, -2617.406259, 0.230410
608.003784, -2617.231388, 0.000000

Surface: u
603.442854, -2617.116511, 0.230410
608.087406, -2617.299375, 0.230410
608.044408, -2617.406259, 0.230410
603.428411, -2617.224536, 0.230410

Surface: l
608.046779, -2617.124510, 0.000000
603.402537, -2616.941659, 0.000000
603.388095, -2617.049677, 0.000000
608.003784, -2617.231388, 0.000000

Identifier: HeliC7
Segment: 1
Surface: w1
593.724481, -2616.830623, 0.000000
593.764151, -2617.005467, 0.230410
593.684046, -2617.107480, 0.230410
593.644381, -2616.932629, 0.000000

Surface: w2
596.780354, -2617.531804, 0.000000
596.820228, -2617.706695, 0.230410
596.710785, -2617.802005, 0.230410
596.670918, -2617.627108, 0.000000

Surface: s1
596.780354, -2617.531804, 0.000000
596.820228, -2617.706695, 0.230410
593.764151, -2617.005467, 0.230410
593.724481, -2616.830623, 0.000000

Surface: s2
593.644381, -2616.932629, 0.000000
593.684046, -2617.107480, 0.230410
596.710785, -2617.802005, 0.230410
596.670918, -2617.627108, 0.000000

Surface: u
593.764151, -2617.005467, 0.230410
596.820228, -2617.706695, 0.230410
596.710785, -2617.802005, 0.230410
593.684046, -2617.107480, 0.230410

Surface: l
596.780354, -2617.531804, 0.000000
593.724481, -2616.830623, 0.000000
593.644381, -2616.932629, 0.000000
596.670918, -2617.627108, 0.000000

Segment: 2
Surface: w1
596.780354, -2617.531804, 0.000000
596.820228, -2617.706695, 0.230410
596.710785, -2617.802005, 0.230410
596.670918, -2617.627108, 0.000000

Surface: w2
597.267757, -2617.882390, 0.000000
597.307664, -2618.057304, 0.230410
597.200839, -2618.154489, 0.230410
597.160939, -2617.979567, 0.000000

Surface: s1
597.267757, -2617.882390, 0.000000
597.307664, -2618.057304, 0.230410
596.820228, -2617.706695, 0.230410
596.780354, -2617.531804, 0.000000

Surface: s2
596.670918, -2617.627108, 0.000000
596.710785, -2617.802005, 0.230410
597.200839, -2618.154489, 0.230410
597.160939, -2617.979567, 0.000000

Surface: u
596.820228, -2617.706695, 0.230410
597.307664, -2618.057304, 0.230410
597.200839, -2618.154489, 0.230410
596.710785, -2617.802005, 0.230410

Surface: l
597.267757, -2617.882390, 0.000000
596.780354, -2617.531804, 0.000000
596.670918, -2617.627108, 0.000000
597.160939, -2617.979567, 0.000000

Segment: 3
Surface: w1
597.267757, -2617.882390, 0.000000
597.307664, -2618.057304, 0.230410
597.200839, -2618.154489, 0.230410
597.160939, -2617.979567, 0.000000

Surface: w2
598.740231, -2618.156155, 0.000000
598.780236, -2618.331088, 0.230410
598.707574, -2618.434631, 0.230410
598.667574, -2618.259691, 0.000000

Surface: s1
598.740231, -2618.156155, 0.000000
598.780236, -2618.331088, 0.230410
597.307664, -2618.057304, 0.230410
597.267757, -2617.882390, 0.000000

Surface: s2
597.160939, -2617.979567, 0.000000
597.200839, -2618.154489, 0.230410
598.707574, -2618.434631, 0.230410
598.667574, -2618.259691, 0.000000

Surface: u
597.307664, -2618.057304, 0.230410
598.780236, -2618.331088, 0.230410
598.707574, -2618.434631, 0.230410
597.200839, -2618.154489, 0.230410

Surface: l
598.740231, -2618.156155, 0.000000
597.267757, -2617.882390, 0.000000
597.160939, -2617.979567, 0.000000
598.667574, -2618.259691, 0.000000

Identifier: HeliC8
Segment: 1
Surface: w1
608.117249, -2617.090370, 0.000000
608.146272, -2617.215272, 0.164579
608.021454, -2617.299548, 0.164579
607.992438, -2617.174642, 0.000000

Surface: w2
609.244623, -2617.806473, 0.000000
609.273700, -2617.931409, 0.164579
609.116392, -2617.995066, 0.164579
609.087323, -2617.870127, 0.000000

Surface: s1
609.244623, -2617.806473, 0.000000
609.273700, -2617.931409, 0.164579
608.146272, -2617.215272, 0.164579
608.117249, -2617.090370, 0.000000

Surface: s2
607.992438, -2617.174642, 0.000000
608.021454, -2617.299548, 0.164579
609.116392, -2617.995066, 0.164579
609.087323, -2617.870127, 0.000000

Surface: u
608.146272, -2617.215272, 0.164579
609.273700, -2617.931409, 0.164579
609.116392, -2617.995066, 0.164579
608.021454, -2617.299548, 0.164579

Surface: l
609.244623, -2617.806473, 0.000000
608.117249, -2617.090370, 0.000000
607.992438, -2617.174642, 0.000000
609.087323, -2617.870127, 0.000000

Segment: 2
Surface: w1
609.244623, -2617.806473, 0.000000
609.273700, -2617.931409, 0.164579
609.116392, -2617.995066, 0.164579
609.087323, -2617.870127, 0.000000

Surface: w2
609.353143, -2618.586901, 0.000000
609.382225, -2618.711874, 0.164579
609.222487, -2618.758064, 0.164579
609.193413, -2618.633088, 0.000000

Surface: s1
609.353143, -2618.586901, 0.000000
609.382225, -2618.711874, 0.164579
609.273700, -2617.931409, 0.164579
609.244623, -2617.806473, 0.000000

Surface: s2
609.087323, -2617.870127, 0.000000
609.116392, -2617.995066, 0.164579
609.222487, -2618.758064, 0.164579
609.193413, -2618.633088, 0.000000

Surface: u
609.273700, -2617.931409, 0.164579
609.382225, -2618.711874, 0.164579
609.222487, -2618.758064, 0.164579
609.116392, -2617.995066, 0.164579

Surface: l
609.353143, -2618.586901, 0.000000
609.244623, -2617.806473, 0.000000
609.087323, -2617.870127, 0.000000
609.193413, -2618.633088, 0.000000

Segment: 3
Surface: w1
609.353143, -2618.586901, 0.000000
609.382225, -2618.711874, 0.164579
609.222487, -2618.758064, 0.164579
609.193413, -2618.633088, 0.000000

Surface: w2
609.765340, -2619.213758, 0.000000
609.794442, -2619.338761, 0.164579
609.630682, -2619.378842, 0.164579
609.601588, -2619.253837, 0.000000

Surface: s1
609.765340, -2619.213758, 0.000000
609.794442, -2619.338761, 0.164579
609.382225, -2618.711874, 0.164579
609.353143, -2618.586901, 0.000000

Surface: s2
609.193413, -2618.633088, 0.000000
609.222487, -2618.758064, 0.164579
609.630682, -2619.378842, 0.164579
609.601588, -2619.253837, 0.000000

Surface: u
609.382225, -2618.711874, 0.164579
609.794442, -2619.338761, 0.164579
609.630682, -2619.378842, 0.164579
609.222487, -2618.758064, 0.164579

Surface: l
609.765340, -2619.213758, 0.000000
609.353143, -2618.586901, 0.000000
609.193413, -2618.633088, 0.000000
609.601588, -2619.253837, 0.000000

Segment: 4
Surface: w1
609.765340, -2619.213758, 0.000000
609.794442, -2619.338761, 0.164579
609.630682, -2619.378842, 0.164579
609.601588, -2619.253837, 0.000000

Surface: w2
609.737214, -2619.616116, 0.000000
609.766314, -2619.741138, 0.164579
609.603148, -2619.772697, 0.164579
609.574056, -2619.647673, 0.000000

Surface: s1
609.737214, -2619.616116, 0.000000
609.766314, -2619.741138, 0.164579
609.794442, -2619.338761, 0.164579
609.765340, -2619.213758, 0.000000

Surface: s2
609.601588, -2619.253837, 0.000000
609.630682, -2619.378842, 0.164579
609.603148, -2619.772697, 0.164579
609.574056, -2619.647673, 0.000000

Surface: u
609.794442, -2619.338761, 0.164579
609.766314, -2619.741138, 0.164579
609.603148, -2619.772697, 0.164579
609.630682, -2619.378842, 0.164579

Surface: l
609.737214, -2619.616116, 0.000000
609.765340, -2619.213758, 0.000000
609.601588, -2619.253837, 0.000000
609.574056, -2619.647673, 0.000000

Segment: 5
Surface: w1
609.737214, -2619.616116, 0.000000
609.766314, -2619.741138, 0.164579
609.603148, -2619.772697, 0.164579
609.574056, -2619.647673, 0.000000

Surface: w2
609.967539, -2620.269315, 0.000000
609.996650, -2620.394369, 0.164579
609.845492, -2620.459979, 0.164579
609.816388, -2620.334922, 0.000000

Surface: s1
609.967539, -2620.269315, 0.000000
609.996650, -2620.394369, 0.164579
609.766314, -2619.741138, 0.164579
609.737214, -2619.616116, 0.000000

Surface: s2
609.574056, -2619.647673, 0.000000
609.603148, -2619.772697, 0.164579
609.845492, -2620.459979, 0.164579
609.816388, -2620.334922, 0.000000

Surface: u
609.766314, -2619.741138, 0.164579
609.996650, -2620.394369, 0.164579
609.845492, -2620.459979, 0.164579
609.603148, -2619.772697, 0.164579

Surface: l
609.967539, -2620.269315, 0.000000
609.737214, -2619.616116, 0.000000
609.574056, -2619.647673, 0.000000
609.816388, -2620.334922, 0.000000

Segment: 6
Surface: w1
609.967539, -2620.269315, 0.000000
609.996650, -2620.394369, 0.164579
609.845492, -2620.459979, 0.164579
609.816388, -2620.334922, 0.000000

Surface: w2
610.575546, -2620.703229, 0.000000
610.604686, -2620.828304, 0.164579
610.471143, -2620.906490, 0.164579
610.442009, -2620.781411, 0.000000

Surface: s1
610.575546, -2620.703229, 0.000000
610.604686, -2620.828304, 0.164579
609.996650, -2620.394369, 0.164579
609.967539, -2620.269315, 0.000000

Surface: s2
609.816388, -2620.334922, 0.000000
609.845492, -2620.459979, 0.164579
610.471143, -2620.906490, 0.164579
610.442009, -2620.781411, 0.000000

Surface: u
609.996650, -2620.394369, 0.164579
610.604686, -2620.828304, 0.164579
610.471143, -2620.906490, 0.164579
609.845492, -2620.459979, 0.164579

Surface: l
610.575546, -2620.703229, 0.000000
609.967539, -2620.269315, 0.000000
609.816388, -2620.334922, 0.000000
610.442009, -2620.781411, 0.000000

Segment: 7
Surface: w1
610.575546, -2620.703229, 0.000000
610.604686, -2620.828304, 0.164579
610.471143, -2620.906490, 0.164579
610.442009, -2620.781411, 0.000000

Surface: w2
610.759651, -2620.863704, 0.000000
610.788800, -2620.988787, 0.164579
610.670302, -2621.080084, 0.164579
610.641159, -2620.954997, 0.000000

Surface: s1
610.759651, -2620.863704, 0.000000
610.788800, -2620.988787, 0.164579
610.604686, -2620.828304, 0.164579
610.575546, -2620.703229, 0.000000

Surface: s2
610.442009, -2620.781411, 0.000000
610.471143, -2620.906490, 0.164579
610.670302, -2621.080084, 0.164579
610.641159, -2620.954997, 0.000000

Surface: u
610.604686, -2620.828304, 0.164579
610.788800, -2620.988787, 0.164579
610.670302, -2621.080084, 0.164579
610.471143, -2620.906490, 0.164579

Surface: l
610.759651, -2620.863704, 0.000000
610.575546, -2620.703229, 0.000000
610.442009, -2620.781411, 0.000000
610.641159, -2620.954997, 0.000000

Segment: 8
Surface: w1
610.759651, -2620.863704, 0.000000
610.788800, -2620.988787, 0.164579
610.670302, -2621.080084, 0.164579
610.641159, -2620.954997, 0.000000

Surface: w2
611.228862, -2620.998224, 0.000000
611.258033, -2621.123313, 0.164579
611.114197, -2621.207356, 0.164579
611.085032, -2621.082263, 0.000000

Surface: s1
611.228862, -2620.998224, 0.000000
611.258033, -2621.123313, 0.164579
610.788800, -2620.988787, 0.164579
610.759651, -2620.863704, 0.000000

Surface: s2
610.641159, -2620.954997, 0.000000
610.670302, -2621.080084, 0.164579
611.114197, -2621.207356, 0.164579
611.085032, -2621.082263, 0.000000

Surface: u
610.788800, -2620.988787, 0.164579
611.258033, -2621.123313, 0.164579
611.114197, -2621.207356, 0.164579
610.670302, -2621.080084, 0.164579

Surface: l
611.228862, -2620.998224, 0.000000
610.759651, -2620.863704, 0.000000
610.641159, -2620.954997, 0.000000
611.085032, -2621.082263, 0.000000

Segment: 9
Surface: w1
611.228862, -2620.998224, 0.000000
611.258033, -2621.123313, 0.164579
611.114197, -2621.207356, 0.164579
611.085032, -2621.082263, 0.000000

Surface: w2
611.454059, -2621.600823, 0.000000
611.483241, -2621.725941, 0.164579
611.316636, -2621.749059, 0.164579
611.287462, -2621.623940, 0.000000

Surface: s1
611.454059, -2621.600823, 0.000000
611.483241, -2621.725941, 0.164579
611.258033, -2621.123313, 0.164579
611.228862, -2620.998224, 0.000000

Surface: s2
611.085032, -2621.082263, 0.000000
611.114197, -2621.207356, 0.164579
611.316636, -2621.749059, 0.164579
611.287462, -2621.623940, 0.000000

Surface: u
611.258033, -2621.123313, 0.164579
611.483241, -2621.725941, 0.164579
611.316636, -2621.749059, 0.164579
611.114197, -2621.207356, 0.164579

Surface: l
611.454059, -2621.600823, 0.000000
611.228862, -2620.998224, 0.000000
611.085032, -2621.082263, 0.000000
611.287462, -2621.623940, 0.000000

Segment: 10
Surface: w1
611.454059, -2621.600823, 0.000000
611.483241, -2621.725941, 0.164579
611.316636, -2621.749059, 0.164579
611.287462, -2621.623940, 0.000000

Surface: w2
611.324624, -2621.977368, 0.000000
611.353800, -2622.102504, 0.164579
611.187338, -2622.125193, 0.164579
611.158170, -2622.000057, 0.000000

Surface: s1
611.324624, -2621.977368, 0.000000
611.353800, -2622.102504, 0.164579
611.483241, -2621.725941, 0.164579
611.454059, -2621.600823, 0.000000

Surface: s2
611.287462, -2621.623940, 0.000000
611.316636, -2621.749059, 0.164579
611.187338, -2622.125193, 0.164579
611.158170, -2622.000057, 0.000000

Surface: u
611.483241, -2621.725941, 0.164579
611.353800, -2622.102504, 0.164579
611.187338, -2622.125193, 0.164579
611.316636, -2621.749059, 0.164579

Surface: l
611.324624, -2621.977368, 0.000000
611.454059, -2621.600823, 0.000000
611.287462, -2621.623940, 0.000000
611.158170, -2622.000057, 0.000000

Segment: 11
Surface: w1
611.324624, -2621.977368, 0.000000
611.353800, -2622.102504, 0.164579
611.187338, -2622.125193, 0.164579
611.158170, -2622.000057, 0.000000

Surface: w2
611.555922, -2622.619371, 0.000000
611.585109, -2622.744538, 0.164579
611.411860, -2622.748394, 0.164579
611.382681, -2622.623227, 0.000000

Surface: s1
611.555922, -2622.619371, 0.000000
611.585109, -2622.744538, 0.164579
611.353800, -2622.102504, 0.164579
611.324624, -2621.977368, 0.000000

Surface: s2
611.158170, -2622.000057, 0.000000
611.187338, -2622.125193, 0.164579
611.411860, -2622.748394, 0.164579
611.382681, -2622.623227, 0.000000

Surface: u
611.353800, -2622.102504, 0.164579
611.585109, -2622.744538, 0.164579
611.411860, -2622.748394, 0.164579
611.187338, -2622.125193, 0.164579

Surface: l
611.555922, -2622.619371, 0.000000
611.324624, -2621.977368, 0.000000
611.158170, -2622.000057, 0.000000
611.382681, -2622.623227, 0.000000

Segment: 12
Surface: w1
611.555922, -2622.619371, 0.000000
611.585109, -2622.744538, 0.164579
611.411860, -2622.748394, 0.164579
611.382681, -2622.623227, 0.000000

Surface: w2
610.152826, -2624.192362, 0.000000
610.181946, -2624.317604, 0.164579
610.046121, -2624.279480, 0.164579
610.017007, -2624.154240, 0.000000

Surface: s1
610.152826, -2624.192362, 0.000000
610.181946, -2624.317604, 0.164579
611.585109, -2622.744538, 0.164579
611.555922, -2622.619371, 0.000000

Surface: s2
611.382681, -2622.623227, 0.000000
611.411860, -2622.748394, 0.164579
610.046121, -2624.279480, 0.164579
610.017007, -2624.154240, 0.000000

Surface: u
611.585109, -2622.744538, 0.164579
610.181946, -2624.317604, 0.164579
610.046121, -2624.279480, 0.164579
611.411860, -2622.748394, 0.164579

Surface: l
610.152826, -2624.192362, 0.000000
611.555922, -2622.619371, 0.000000
611.382681, -2622.623227, 0.000000
610.017007, -2624.154240, 0.000000

