Identifier: nofly1
Segment: 1
Surface: w1
601.171470, -2615.704385, 0.000000
601.458380, -2616.952733, 1.645788
601.635875, -2616.990579, 1.645788
601.348881, -2615.742212, 0.000000

Surface: w2
601.384142, -2615.444714, 0.000000
601.671153, -2616.692938, 1.645788
602.294391, -2617.069116, 1.645788
602.007083, -2615.820712, 0.000000

Surface: s1
601.384142, -2615.444714, 0.000000
601.671153, -2616.692938, 1.645788
601.458380, -2616.952733, 1.645788
601.171470, -2615.704385, 0.000000

Surface: s2
601.348881, -2615.742212, 0.000000
601.635875, -2616.990579, 1.645788
602.294391, -2617.069116, 1.645788
602.007083, -2615.820712, 0.000000

Surface: u
601.458380, -2616.952733, 1.645788
601.671153, -2616.692938, 1.645788
602.294391, -2617.069116, 1.645788
601.635875, -2616.990579, 1.645788

Surface: l
601.384142, -2615.444714, 0.000000
601.171470, -2615.704385, 0.000000
601.348881, -2615.742212, 0.000000
602.007083, -2615.820712, 0.000000

Segment: 2
Surface: w1
601.384142, -2615.444714, 0.000000
601.671153, -2616.692938, 1.645788
602.294391, -2617.069116, 1.645788
602.007083, -2615.820712, 0.000000

Surface: w2
602.956080, -2615.054425, 0.000000
603.243842, -2616.302463, 1.645788
603.358185, -2616.798377, 1.645788
603.070369, -2615.550102, 0.000000

Surface: s1
602.956080, -2615.054425, 0.000000
603.243842, -2616.302463, 1.645788
601.671153, -2616.692938, 1.645788
601.384142, -2615.444714, 0.000000

Surface: s2
602.007083, -2615.820712, 0.000000
602.294391, -2617.069116, 1.645788
603.358185, -2616.798377, 1.645788
603.070369, -2615.550102, 0.000000

Surface: u
601.671153, -2616.692938, 1.645788
603.243842, -2616.302463, 1.645788
603.358185, -2616.798377, 1.645788
602.294391, -2617.069116, 1.645788

Surface: l
602.956080, -2615.054425, 0.000000
601.384142, -2615.444714, 0.000000
602.007083, -2615.820712, 0.000000
603.070369, -2615.550102, 0.000000

Segment: 3
Surface: w1
602.956080, -2615.054425, 0.000000
603.243842, -2616.302463, 1.645788
603.358185, -2616.798377, 1.645788
603.070369, -2615.550102, 0.000000

Surface: w2
603.001623, -2615.043923, 0.000000
603.289406, -2616.291956, 1.645788
603.426792, -2616.887757, 1.645788
603.138943, -2615.639439, 0.000000

Surface: s1
603.001623, -2615.043923, 0.000000
603.289406, -2616.291956, 1.645788
603.243842, -2616.302463, 1.645788
602.956080, -2615.054425, 0.000000

Surface: s2
603.070369, -2615.550102, 0.000000
603.358185, -2616.798377, 1.645788
603.426792, -2616.887757, 1.645788
603.138943, -2615.639439, 0.000000

Surface: u
603.243842, -2616.302463, 1.645788
603.289406, -2616.291956, 1.645788
603.426792, -2616.887757, 1.645788
603.358185, -2616.798377, 1.645788

Surface: l
603.001623, -2615.043923, 0.000000
602.956080, -2615.054425, 0.000000
603.070369, -2615.550102, 0.000000
603.138943, -2615.639439, 0.000000

Segment: 4
Surface: w1
603.001623, -2615.043923, 0.000000
603.289406, -2616.291956, 1.645788
603.426792, -2616.887757, 1.645788
603.138943, -2615.639439, 0.000000

Surface: w2
603.769660, -2614.866703, 0.000000
604.057810, -2616.114651, 1.645788
604.195371, -2616.710412, 1.645788
603.907155, -2615.462179, 0.000000

Surface: s1
603.769660, -2614.866703, 0.000000
604.057810, -2616.114651, 1.645788
603.289406, -2616.291956, 1.645788
603.001623, -2615.043923, 0.000000

Surface: s2
603.138943, -2615.639439, 0.000000
603.426792, -2616.887757, 1.645788
604.195371, -2616.710412, 1.645788
603.907155, -2615.462179, 0.000000

Surface: u
603.289406, -2616.291956, 1.645788
604.057810, -2616.114651, 1.645788
604.195371, -2616.710412, 1.645788
603.426792, -2616.887757, 1.645788

Surface: l
603.769660, -2614.866703, 0.000000
603.001623, -2615.043923, 0.000000
603.138943, -2615.639439, 0.000000
603.907155, -2615.462179, 0.000000

Identifier: nofly2
Segment: 1
Surface: w1
600.270690, -2614.811778, 0.000000
600.557169, -2616.059699, 1.645788
600.606088, -2616.272793, 1.645788
600.319585, -2615.024771, 0.000000

Surface: w2
600.616944, -2614.732266, 0.000000
600.903589, -2615.980148, 1.645788
600.952537, -2616.193237, 1.645788
600.665868, -2614.945252, 0.000000

Surface: s1
600.616944, -2614.732266, 0.000000
600.903589, -2615.980148, 1.645788
600.557169, -2616.059699, 1.645788
600.270690, -2614.811778, 0.000000

Surface: s2
600.319585, -2615.024771, 0.000000
600.606088, -2616.272793, 1.645788
600.952537, -2616.193237, 1.645788
600.665868, -2614.945252, 0.000000

Surface: u
600.557169, -2616.059699, 1.645788
600.903589, -2615.980148, 1.645788
600.952537, -2616.193237, 1.645788
600.606088, -2616.272793, 1.645788

Surface: l
600.616944, -2614.732266, 0.000000
600.270690, -2614.811778, 0.000000
600.319585, -2615.024771, 0.000000
600.665868, -2614.945252, 0.000000

Identifier: nofly3
Segment: 1
Surface: w1
600.931483, -2622.802325, 0.000000
601.218282, -2624.054074, 1.645788
601.313822, -2624.471064, 1.645788
601.026978, -2623.219115, 0.000000

Surface: w2
601.636934, -2622.640593, 0.000000
601.924069, -2623.892265, 1.645788
602.019722, -2624.309230, 1.645788
601.732541, -2623.057358, 0.000000

Surface: s1
601.636934, -2622.640593, 0.000000
601.924069, -2623.892265, 1.645788
601.218282, -2624.054074, 1.645788
600.931483, -2622.802325, 0.000000

Surface: s2
601.026978, -2623.219115, 0.000000
601.313822, -2624.471064, 1.645788
602.019722, -2624.309230, 1.645788
601.732541, -2623.057358, 0.000000

Surface: u
601.218282, -2624.054074, 1.645788
601.924069, -2623.892265, 1.645788
602.019722, -2624.309230, 1.645788
601.313822, -2624.471064, 1.645788

Surface: l
601.636934, -2622.640593, 0.000000
600.931483, -2622.802325, 0.000000
601.026978, -2623.219115, 0.000000
601.732541, -2623.057358, 0.000000

